# POSITION WT AAA AAC AAG AAT ACA ACC ACG ACT AGA AGC AGG AGT ATA ATC ATG ATT CAA CAC CAG CAT CCA CCC CCG CCT CGA CGC CGG CGT CTA CTC CTG CTT GAA GAC GAG GAT GCA GCC GCG GCT GGA GGC GGG GGT GTA GTC GTG GTT TAA TAC TAG TAT TCA TCC TCG TCT TGA TGC TGG TGT TTA TTC TTG TTT
1 AAG 57 0 293262 46 0 0 5 0 0 0 60 0 0 0 5 0 0 0 9 0 0 0 0 0 0 0 0 0 0 0 0 0 1 0 874 0 0 0 0 0 0 0 1 0 0 0 0 0 0 0 6 0 0 0 0 0 0 0 0 0 0 0 0 0
2 GGC 0 0 0 0 0 0 0 0 0 53 0 0 0 0 0 0 0 0 0 0 0 0 0 0 0 2 0 0 0 0 0 0 0 16 0 0 0 1 0 0 56 293801 5 51 0 36 0 0 0 0 0 0 0 0 0 0 0 43 0 0 0 0 0 0
3 GTG 0 0 0 0 0 0 0 0 0 0 0 0 0 0 40 0 0 0 0 0 0 0 0 0 0 0 0 0 0 0 4 0 0 0 1 0 0 0 53 0 0 0 21 0 25 17 294042 47 0 0 0 0 0 0 0 0 0 0 0 0 0 0 66 1
4 TCA 0 0 0 0 4 0 0 0 0 0 0 0 0 0 0 0 0 0 0 0 52 0 0 0 0 0 0 0 0 0 0 0 0 0 0 0 10 0 0 0 0 0 0 0 0 0 0 0 84 0 0 0 293866 0 21 3 0 0 0 0 30 0 0 0
5 TAC 0 0 0 0 0 0 0 0 0 0 0 0 0 0 0 0 0 38 0 0 0 0 0 0 0 0 0 0 0 0 0 0 0 0 0 0 0 0 0 0 0 0 0 0 0 0 0 0 48 294880 1 20 0 1 0 0 0 29 0 0 0 5 0 0
6 TCC 0 0 0 0 0 1 0 0 0 0 0 0 0 0 0 0 0 0 0 0 0 35 0 0 0 0 0 0 0 0 0 0 0 0 0 0 0 2 0 0 0 0 0 0 0 0 0 0 0 33 0 0 51 293594 2 31 0 0 0 0 0 10 0 0
7 TTG 0 0 0 0 0 0 0 0 0 0 0 0 0 0 4 0 0 0 0 0 0 0 0 0 0 0 0 0 0 0 49 0 0 0 0 0 0 0 0 0 0 0 0 0 0 0 12 0 0 0 2 0 0 0 34 0 0 0 11 0 15 8 294537 44
8 TGT 0 0 0 0 0 0 0 0 0 0 0 0 0 0 0 0 0 0 0 0 0 0 0 0 0 0 0 28 0 0 0 0 0 0 0 0 0 0 0 0 0 0 0 17 0 0 0 0 0 0 0 24 0 0 0 1 0 96 2 294211 0 0 0 76
9 ACC 0 88 0 0 95 293801 2 42 0 8 0 0 0 26 0 1 0 0 0 0 0 1 0 0 0 0 0 0 0 0 0 0 0 0 0 0 0 45 0 0 0 0 0 0 0 0 0 0 0 0 0 0 0 3 0 0 0 0 0 0 0 0 0 0
10 GCA 0 0 0 0 136 0 0 0 0 0 0 0 0 0 0 0 0 0 0 0 6 0 0 0 0 0 0 0 0 0 0 0 68 0 0 0 293430 3 35 1 2 0 0 0 24 0 0 0 0 0 0 0 52 0 0 0 0 0 0 0 0 0 0 0
11 GCG 0 0 0 0 0 0 14 0 0 0 0 0 0 0 0 0 0 0 0 0 0 0 5 0 0 0 0 0 0 0 0 0 0 0 59 0 63 1 294141 37 0 0 0 0 0 0 58 0 0 0 0 0 0 0 44 1 0 0 0 0 0 0 0 0
12 TTC 0 0 0 0 0 0 0 0 0 0 0 0 0 1 0 0 0 0 0 0 0 0 0 0 0 0 0 0 0 31 0 0 0 0 0 0 0 0 0 0 0 0 0 0 0 0 0 0 0 0 0 0 0 23 0 0 0 4 0 0 62 294047 3 43
13 ACA 29 0 0 0 293885 0 22 6 1 0 0 0 28 0 0 0 0 0 0 0 3 0 0 0 0 0 0 0 0 0 0 0 0 0 0 0 18 0 0 0 0 0 0 0 0 0 0 0 0 0 0 0 2 0 0 0 0 0 0 0 0 0 0 0
14 TTC 0 0 0 0 0 0 0 0 0 0 0 0 0 2 0 0 0 0 0 0 0 0 0 0 0 0 0 0 0 32 0 0 0 0 0 0 0 0 0 0 0 0 0 0 0 2 0 0 0 3 0 0 0 31 0 0 0 1 0 0 60 294528 3 48
15 ACC 58 22 0 0 217162 76663 29 20 3 5 0 0 28 6 0 1 0 0 0 0 0 0 0 0 0 0 0 0 0 0 0 0 0 0 0 0 20 3 0 0 0 0 0 0 0 0 0 0 0 0 0 0 4 0 0 0 0 0 0 0 0 0 0 0
16 AAG 8 2 76883 6 0 0 1 0 0 0 9 0 0 0 0 0 22 5 217253 28 0 0 3 0 0 0 41 0 0 0 4 0 0 0 13 0 0 0 0 0 0 0 0 0 0 0 0 0 0 0 46 0 0 0 0 0 0 0 0 0 0 0 0 0
17 ATC 0 4 0 0 0 215 0 0 0 1 0 0 27 293959 1 32 0 0 0 0 0 0 0 0 0 0 0 0 0 0 0 0 0 0 0 0 0 0 0 0 0 0 0 0 0 16 0 0 0 0 0 0 0 0 0 0 0 0 0 0 0 2 0 0
18 CCG 0 0 0 0 0 0 30 0 0 0 0 0 0 0 0 0 0 0 34 0 47 6 293383 60 0 0 7 0 0 0 52 0 0 0 0 0 0 0 3 0 0 0 0 0 0 0 0 0 0 0 0 0 0 0 16 0 0 0 0 0 0 0 0 0
19 GCT 0 0 0 0 0 2 0 53 0 0 0 0 0 0 0 0 0 0 0 0 0 0 0 11 0 0 0 0 0 0 0 0 0 3 0 39 6 23195 5 266312 0 1 0 2 0 3 0 4144 0 0 0 0 0 6 0 31 0 0 0 0 0 0 0 0
20 GAA 207 0 0 0 0 0 0 0 0 0 0 0 0 0 0 0 2 0 0 0 0 0 0 0 0 0 0 0 0 0 0 0 293292 0 21 1 3 0 0 0 24 1 0 0 2 0 0 0 42 0 0 0 0 0 0 0 0 0 0 0 0 0 0 0
21 ACA 77 0 0 1 289309 4 21 4569 2 0 0 0 64 0 0 6 0 0 0 0 1 0 0 0 0 0 0 0 0 0 0 0 0 0 0 0 9 0 0 0 0 0 0 0 0 0 0 0 0 0 0 0 1 0 0 0 0 0 0 0 0 0 0 0
22 CTG 0 0 0 0 0 0 0 0 0 0 0 0 0 0 122 0 0 0 12 0 0 0 33 0 0 0 12 0 74 4 293577 39 0 0 0 0 0 0 0 0 0 0 0 0 0 0 6 0 0 0 0 0 0 0 0 0 0 0 0 0 0 0 64 0
23 CAC 0 32 0 0 0 0 0 0 0 0 0 0 0 0 0 0 60 293331 206 85 0 21 0 0 0 29 0 0 0 26 0 0 0 0 0 0 0 0 0 0 0 0 0 0 0 0 0 0 0 48 0 0 0 0 0 0 0 0 0 0 0 0 0 0
24 GGG 0 0 0 0 0 0 0 0 0 0 33 0 0 0 0 0 0 0 0 0 0 0 0 0 0 0 9 0 0 0 0 0 0 0 38 0 0 0 2 0 26 6 293346 41 0 0 18 0 0 0 0 0 0 0 0 0 0 0 52 2 0 0 0 0
25 ACA 109 0 0 0 293573 4 42 2 12 0 0 0 47 0 0 0 0 0 0 0 1 0 0 0 0 0 0 0 0 0 0 0 0 0 0 0 13 0 0 0 0 0 0 0 0 0 0 0 0 0 0 0 2 0 0 0 0 0 0 0 0 0 0 0
26 GTC 0 0 0 0 0 0 0 0 0 0 0 0 0 29 0 0 0 0 0 0 0 0 0 0 0 0 0 0 0 6 0 0 0 0 0 0 0 58 0 0 0 2 0 0 92 293295 2 30 0 0 0 0 0 0 0 0 0 0 0 0 0 75 0 0
27 ACA 57 0 0 0 292333 11 74 5 6 0 0 0 37 0 0 0 0 0 0 0 1 0 0 0 0 0 0 0 0 0 0 0 0 0 0 0 22 0 0 0 0 0 0 0 0 0 0 0 0 0 0 0 6 0 0 0 0 0 0 0 0 0 0 0
28 GTG 0 0 0 0 0 0 0 0 0 0 0 0 0 0 31 0 0 0 0 0 0 0 0 0 0 0 0 0 0 0 4 0 0 0 0 0 0 0 18 0 0 0 14 0 35 2 293226 31 0 0 0 0 0 0 0 0 0 0 0 0 0 0 33 0
29 GAG 0 0 31 0 0 0 0 0 0 0 0 0 0 0 0 0 0 0 5 0 0 0 0 0 0 0 0 0 0 0 0 0 33 0 292489 34 0 0 1 0 0 0 31 0 0 0 3 0 0 0 31 0 0 0 0 0 0 0 0 0 0 0 0 0
30 GTA 0 0 0 0 0 0 0 0 0 0 0 0 41 0 0 0 0 0 0 0 0 0 0 0 0 0 0 0 1898 0 0 0 1 0 0 0 27 0 0 0 3 0 0 0 290731 0 36 11 0 0 0 0 0 0 0 0 0 0 0 0 26 0 0 0
31 CAG 1 0 59 0 0 0 0 0 0 0 0 0 0 0 0 0 28 15 293605 51 0 0 2 0 0 0 67 0 0 0 13 0 0 0 3 0 0 0 0 0 0 0 0 0 0 0 0 0 0 0 46 0 0 0 0 0 0 0 0 0 0 0 0 0
32 TAC 0 1 0 0 0 0 0 0 0 0 0 0 0 0 0 0 0 46 0 1 0 0 0 0 0 0 0 0 0 0 0 0 0 1 0 0 0 0 0 0 0 0 0 0 0 0 0 0 114 293320 3 51 0 0 0 0 0 31 0 0 0 3 0 0
33 GCA 0 0 0 0 357 0 0 0 0 0 0 0 0 0 0 0 0 0 0 0 7 0 0 0 0 0 0 0 0 0 0 0 69 0 0 0 291926 7 61 10 5 0 0 0 55 0 0 0 0 0 0 0 44 0 0 0 0 0 0 0 0 0 0 0
34 GGG 0 0 0 0 0 0 0 0 0 0 30 0 0 0 0 0 0 0 0 0 0 0 0 0 0 0 2 0 0 0 0 0 0 0 46 0 0 0 0 0 27 4 293261 38 0 0 22 0 0 0 0 0 0 0 0 0 0 0 44 0 0 0 0 0
35 ACA 275 0 2 0 290652 8 109 5 3 0 0 0 42 0 0 0 0 0 0 0 0 722 0 0 0 0 0 0 0 0 0 0 0 0 1883 0 16 0 0 0 0 0 2 0 0 0 0 0 0 0 2 0 6 0 0 0 0 0 0 0 0 0 0 0
36 GAT 0 0 0 29 0 0 0 0 0 0 0 0 0 0 0 0 0 0 0 3 0 0 0 0 0 0 0 0 0 0 0 0 0 19 18 293117 0 0 0 3 0 0 0 24 0 0 0 5 0 0 0 37 0 0 0 0 0 0 0 0 0 0 0 0
37 GGA 0 0 0 0 0 0 0 0 33 0 0 0 0 0 0 0 0 0 0 0 0 0 0 0 1 0 0 0 0 0 0 0 24 0 0 0 1 0 0 0 292545 0 27 7 35 0 0 0 0 0 0 0 0 0 0 0 28 0 0 0 0 0 0 0
38 CCT 0 0 0 0 0 0 0 89 0 0 0 0 0 0 0 0 0 0 0 45 1 37 11 292511 0 0 0 1 0 0 0 32 0 0 0 0 0 0 0 3 0 0 0 0 0 0 0 0 0 0 0 0 0 0 0 23 0 0 0 0 0 0 0 0
39 TGC 0 0 0 0 0 0 0 0 0 0 0 0 0 0 0 0 0 0 0 0 0 0 0 0 0 32 0 0 0 0 0 0 0 0 0 0 0 0 0 0 0 9 0 0 0 0 0 0 0 30 0 0 0 4 0 0 58 292443 2 55 0 27 0 0
40 AAG 41 1 292818 63 0 1 2 0 0 0 41 0 0 0 4 0 0 0 2 0 0 0 0 0 0 0 0 0 0 0 0 0 0 0 53 0 0 0 0 0 0 0 0 0 0 0 0 0 0 0 1 0 0 0 0 0 0 0 0 0 0 0 0 0
41 GTT 0 0 0 0 0 0 0 0 0 0 0 0 0 0 0 36 0 0 0 0 0 0 0 0 0 0 0 0 0 0 0 7 0 0 0 0 0 0 0 17 0 0 0 0 1 23 1 291291 0 0 0 0 0 0 0 0 0 0 0 0 0 0 0 54
42 CCA 0 0 0 0 324 0 0 0 0 0 0 0 0 0 0 0 21 0 0 0 291924 1 44 2 3 0 0 0 23 0 0 0 0 0 0 0 1 0 0 0 0 0 0 0 0 0 0 0 0 0 0 0 26 0 0 0 0 0 0 0 0 0 0 0
43 GCT 0 0 0 0 0 0 0 38 0 0 0 0 0 0 0 0 0 0 0 0 0 0 0 5 0 0 0 0 0 0 0 0 0 0 0 45 7 30 2 289896 0 0 0 0 0 0 0 29 0 0 0 0 0 0 0 23 0 0 0 0 0 0 0 0
44 CAG 0 0 64 0 0 0 17 0 0 0 0 0 0 0 0 0 10 8 290815 47 0 0 0 0 0 0 41 0 0 0 5 0 0 0 5 0 0 0 0 0 0 0 0 0 0 0 0 0 0 0 15 0 0 0 0 0 0 0 0 0 0 0 0 0
45 ATG 0 0 2 0 5 0 10 0 0 0 5 0 22 2 291277 37 0 0 0 0 0 0 0 0 0 0 0 0 0 0 0 0 0 0 0 0 0 0 0 0 0 1 0 0 0 0 29 0 0 0 0 0 0 0 0 0 0 0 1 0 0 0 4 0
46 GCG 0 0 0 0 0 0 29 0 0 0 2 0 0 0 0 0 0 0 0 0 0 0 7 0 0 0 4 0 0 0 0 0 0 0 66 0 48 8 291073 54 0 0 7 1 0 0 131 1 0 0 0 0 0 0 30 1 0 0 0 0 0 0 0 0
47 GTG 0 0 0 0 0 0 0 0 0 0 0 0 0 0 38 0 0 0 0 0 0 0 0 0 0 0 1 0 0 0 7 0 0 0 0 0 0 0 20 0 4 0 23 0 25 2 291744 47 0 0 0 0 0 0 0 0 0 0 47 0 0 0 35 0
48 GAC 0 49 0 0 0 0 0 0 0 0 0 0 0 0 0 0 0 5 0 0 0 0 0 0 0 0 0 0 0 0 0 0 82 275368 8 54 0 0 0 0 0 29 0 0 0 3 0 0 0 49 0 0 0 0 0 7 0 0 0 0 0 0 0 0
49 ATG 0 0 2 0 0 0 26 0 0 0 7 0 109 6 280071 54 0 0 0 0 0 0 3 0 0 0 0 0 0 0 1 0 0 0 0 0 0 0 0 0 0 0 0 0 0 0 16 0 0 0 0 0 0 0 0 0 0 0 0 0 0 0 5 0
50 CAA 81 0 0 0 0 0 0 0 0 0 0 0 0 0 0 0 282822 1 16 1 4 0 0 0 19 0 0 0 8 0 0 0 0 0 0 0 0 0 0 0 0 0 0 0 0 0 0 0 26 0 0 0 0 0 0 0 0 0 0 0 0 0 0 0
51 ACT 0 0 0 22 4 28 3 272463 0 0 0 2 0 0 0 34 0 0 0 0 1 17 0 1 0 0 0 0 0 0 0 0 0 0 0 0 0 0 0 7 0 0 0 0 0 0 0 0 0 0 0 0 0 0 0 7 0 0 0 0 0 0 0 0
52 CTG 0 0 0 0 0 0 0 0 0 0 0 0 0 0 62 0 0 0 1 0 0 3 53 0 0 0 49 56 31 18 279101 60 0 0 0 0 0 0 0 0 0 0 0 0 0 0 4 0 0 0 0 0 0 0 0 0 0 0 0 0 0 0 27 0
53 ACC 0 59 5 0 66 279357 6 21 0 4 0 1 0 31 0 0 0 0 0 0 0 40 0 0 0 0 0 0 0 0 0 0 0 0 0 0 0 29 0 0 0 0 0 0 0 0 0 0 0 0 0 0 0 4 0 0 0 0 0 0 0 0 0 0
54 CCA 0 0 0 0 203 0 0 0 0 0 0 0 0 0 0 0 52 0 0 0 280146 1 46 4 2 0 0 0 17 0 0 0 0 0 0 0 8 0 0 0 0 0 0 0 0 0 0 0 0 0 0 0 18 0 0 0 0 0 0 0 0 0 0 0
55 GTT 0 0 0 0 0 0 0 0 0 0 0 0 0 0 0 25 0 0 0 0 0 0 0 0 0 0 0 0 0 0 0 0 0 0 0 2 0 0 0 15 0 0 0 1 4 6 3 280214 0 0 0 0 0 0 0 0 0 0 0 0 0 0 0 21
56 GGG 0 0 0 0 0 0 0 0 0 0 35 0 0 0 0 0 0 0 0 0 0 0 0 0 0 0 7 0 0 0 0 0 0 0 35 0 0 0 6 0 16 4 285955 31 0 0 32 0 0 0 0 0 0 0 0 0 0 0 76 0 0 0 2 0
57 AGG 0 0 39 0 0 0 1 0 26 3 288853 35 0 0 41 0 0 0 0 0 0 0 0 0 0 0 0 0 0 0 0 0 0 0 7 0 0 0 0 0 0 0 45 2 0 0 0 0 0 0 0 0 0 0 0 0 0 0 0 0 0 0 0 0
58 TTG 0 0 0 2 0 0 0 0 0 4 0 10960 0 0 0 1 0 0 0 0 0 0 0 0 0 0 0 0 0 0 39 0 0 0 0 0 0 0 0 0 0 0 0 3 0 0 12 0 0 0 0 0 0 0 26 0 2 0 3 0 28 4 276390 43
59 ATA 1 0 0 0 14 0 0 0 1 0 0 0 289261 0 22 1 0 0 0 0 0 0 0 0 0 0 0 0 1 23 0 0 0 0 0 0 0 0 0 0 0 0 0 0 19 0 0 0 2 0 0 0 0 0 0 0 0 0 0 0 7 0 0 0
60 ACC 1 38 0 0 57 290806 4 47 0 5 0 0 0 38 0 0 0 0 0 0 0 1 0 0 0 0 0 0 0 0 0 0 0 0 0 0 0 17 0 0 0 0 0 0 0 0 0 0 0 0 0 0 0 2 0 0 0 0 0 0 0 0 0 0
61 GCT 0 0 0 0 0 0 0 81 0 0 0 0 0 0 0 0 0 0 0 0 0 0 0 4 0 0 0 0 0 0 0 0 0 0 0 100 4 45 1 289493 0 0 0 1 1 0 2 20 0 0 0 0 0 0 0 86 0 0 0 0 0 0 0 0
62 AAC 67 290282 6 26 0 4 0 0 0 15 0 0 0 2 0 0 0 0 0 0 0 0 0 0 0 0 0 0 0 0 0 0 0 12 0 0 0 0 0 0 0 0 0 0 0 0 0 0 0 1 0 0 0 0 0 0 0 0 0 0 0 0 0 0
63 CCC 0 0 0 0 0 25 0 0 0 0 0 0 0 0 0 0 0 32 0 0 62 291172 1 37 0 3 0 0 0 27 0 0 0 0 0 0 0 1 0 0 0 0 0 0 0 0 0 0 0 0 0 0 0 19 0 0 0 0 0 0 0 0 0 0
64 GTA 0 0 0 0 0 0 0 0 0 0 1 0 79 0 0 0 0 0 0 0 0 0 0 0 0 0 0 0 7 0 0 0 7 0 0 0 23 0 0 0 1 0 0 0 289275 1 30 2 0 0 0 0 0 0 0 0 0 0 0 0 37 0 0 0
65 ATC 0 1 0 1 0 12 0 0 0 1 0 0 96 289615 4 50 0 0 0 0 0 0 0 0 0 0 0 0 0 1 0 0 0 0 0 0 0 0 0 0 0 0 0 0 0 11 0 0 0 0 0 0 0 0 0 0 0 0 0 0 0 1 0 0
66 ACT 0 0 0 101 4 55 11 289337 0 0 1239 5 0 0 0 33 0 0 0 0 0 0 0 1 0 0 0 60 0 0 0 0 0 0 0 0 0 0 0 12 0 0 0 0 0 0 0 0 0 0 0 0 0 0 0 4 0 0 0 0 0 0 0 0
67 GAA 154 0 0 0 0 0 0 0 0 0 0 0 0 0 0 0 0 0 0 0 0 0 0 0 0 0 0 0 0 0 0 0 290259 0 26 2 0 0 0 0 46 0 0 0 3 0 0 0 29 0 0 0 0 0 0 0 0 0 0 0 0 0 0 0
68 AGC 0 27 0 0 0 3 0 0 76 289529 6 42 0 40 0 1 0 0 0 0 0 0 0 0 0 2 0 0 0 0 0 0 0 0 0 0 0 0 0 0 0 23 0 0 0 0 0 0 0 0 0 0 0 0 0 0 0 2 0 0 0 0 0 0
69 ACT 0 0 0 57 3 27 6 289808 0 0 0 4 0 0 0 28 0 0 0 0 0 0 0 2 0 0 0 0 0 0 0 0 0 0 0 0 0 0 0 16 0 0 0 0 0 0 0 0 0 0 0 0 0 0 0 3 0 0 0 0 0 0 0 0
70 GAG 0 0 14 0 0 0 0 0 0 0 0 0 0 0 0 0 0 0 2 0 0 0 0 0 0 0 0 0 0 0 0 0 33 0 290241 20 0 0 0 0 0 0 40 0 0 0 6 0 0 0 33 1 0 0 0 0 0 0 0 0 0 0 0 0
71 AAC 47 289909 5 30 0 0 0 0 0 18 0 0 0 4 0 0 0 2 0 0 0 0 0 0 0 0 0 0 0 0 0 0 0 14 0 0 0 0 0 0 0 0 0 0 0 0 0 0 0 5 0 0 0 0 0 0 0 0 0 0 0 0 0 0
72 TCT 0 0 0 0 0 0 0 10 0 0 0 0 0 0 0 0 0 0 0 0 0 0 0 29 0 0 0 0 0 0 0 2 0 0 0 0 0 0 0 2 0 0 0 0 0 0 0 0 0 0 0 62 3 47 1 289274 0 0 0 1 0 0 0 16
73 AAG 7 3 293120 31 0 0 3 0 0 0 27 0 0 0 7 0 0 0 0 0 0 0 0 0 0 0 0 0 0 0 0 0 0 0 27 0 0 0 0 0 0 0 0 0 0 0 0 0 0 0 0 0 0 0 0 0 0 0 0 0 0 0 0 0
74 ATG 0 0 6 0 0 0 16 0 0 0 6 0 13 9 291928 31 0 0 0 0 0 0 0 0 0 0 0 0 0 0 0 0 0 0 0 0 0 0 0 0 0 0 0 0 0 0 23 0 0 0 0 0 0 0 0 0 0 0 0 0 0 0 1 0
75 ATG 0 0 4 0 0 0 11 0 0 0 2 0 34 7 291616 55 0 0 0 0 0 0 0 0 0 0 0 0 0 0 1 0 0 0 0 0 0 0 0 0 0 0 0 0 0 0 26 0 0 0 0 0 0 0 0 0 0 0 0 0 0 0 5 0
76 CTG 0 0 0 0 0 0 0 0 0 0 0 0 0 0 44 0 0 0 3 0 0 0 36 0 0 0 4 0 26 2 290950 21 0 0 0 0 0 0 0 0 0 0 0 0 0 0 8 0 0 0 0 0 0 0 0 0 0 0 0 0 0 0 41 0
77 GAA 25 0 0 0 0 0 0 0 0 0 0 0 0 0 0 0 1 0 0 0 0 0 0 0 0 0 0 0 0 0 0 0 290743 0 10 2 0 0 0 0 7 0 0 0 1 0 0 0 27 0 0 0 0 0 0 0 0 0 0 0 0 0 0 0
78 CTT 0 0 0 0 0 0 0 0 0 0 0 0 0 0 0 34 0 0 0 1 0 0 0 17 0 0 0 3 0 21 2 291318 0 0 0 0 0 0 0 0 0 0 0 0 0 0 0 0 0 0 0 0 0 0 0 0 0 0 0 0 0 0 0 50
79 GAT 0 0 0 22 0 0 0 0 0 0 0 0 0 0 0 0 0 0 0 3 0 0 0 0 0 0 0 0 0 0 0 0 4 22 1 291422 0 0 0 1 0 0 0 17 0 0 0 10 0 0 0 28 0 0 0 0 0 0 0 0 0 0 0 0
80 CCA 0 0 0 0 28 0 0 0 0 0 0 0 0 0 0 0 25 0 0 0 289999 6 11 4 4 0 0 0 36 0 0 0 0 0 0 0 1 0 0 0 0 0 0 0 0 0 0 0 0 0 0 0 27 0 0 0 0 0 0 0 0 0 0 0
81 CCA 0 0 0 0 25 0 3 0 0 0 0 0 0 0 0 0 24 0 3 0 269959 0 23046 34 5 0 0 0 21 0 2 0 0 0 0 0 1 0 0 0 0 0 0 0 0 0 0 0 0 0 0 0 15 0 3 0 0 0 0 0 0 0 0 0
82 TTT 0 0 0 0 0 0 0 0 0 0 0 0 0 0 0 0 0 0 0 0 0 0 0 1 0 0 0 0 0 0 0 17 0 0 0 0 0 0 0 0 0 0 0 0 0 0 0 6 0 0 0 3 0 0 0 14 0 0 0 3 2 13 0 291819
83 GGG 0 0 0 0 0 0 0 0 0 0 8 0 0 0 0 0 0 0 0 0 0 0 0 0 0 0 3 0 0 0 0 0 0 0 27 0 0 0 3 0 29 2 290457 38 0 0 39 0 0 0 0 0 0 0 0 0 0 0 37 0 0 0 0 0
84 GAC 0 27 0 0 0 0 0 0 0 0 0 0 0 0 0 0 0 0 0 0 0 0 0 0 0 0 0 0 0 0 0 0 66 293263 4 15 0 0 0 0 0 21 0 0 0 2 0 0 0 30 0 0 0 0 0 0 0 0 0 0 0 0 0 0
85 TCT 0 0 0 0 0 0 0 1 0 0 0 0 0 0 0 0 0 0 0 0 0 0 0 21 0 0 0 0 0 0 0 0 0 0 0 0 0 0 14 3 0 0 0 0 0 0 0 0 0 0 0 31 3 27 5 291462 0 0 0 4 0 0 0 16
86 TAC 0 3 0 0 0 0 0 0 0 0 0 0 0 0 0 0 0 43 0 0 0 0 0 0 0 0 0 0 0 0 0 0 0 0 0 0 0 0 0 0 0 0 0 0 0 0 0 0 76 293515 5 37 0 0 0 0 0 33 0 0 0 0 0 0
87 ATT 0 0 0 0 0 0 0 17 0 0 0 2 2 31 14 289990 0 0 0 0 0 0 0 0 0 0 0 0 0 0 0 1 0 0 0 0 0 0 0 0 0 0 0 0 0 0 0 14 0 0 0 0 0 0 0 0 0 0 0 0 0 0 0 5
88 GTC 0 0 0 0 0 0 0 0 0 0 0 0 0 12 0 0 0 0 0 0 0 0 0 0 0 0 0 0 0 6 0 0 0 1 0 0 0 21 0 0 0 7 0 0 97 292515 2 18 0 0 0 0 0 0 0 0 0 0 0 0 0 33 0 0
89 ATA 0 0 0 0 20 0 0 0 1 0 0 0 293303 0 57 2 0 0 0 0 0 0 0 0 0 0 0 0 0 0 0 0 0 0 0 0 0 0 0 0 0 0 0 0 11 0 0 0 0 0 0 0 0 0 0 0 0 0 0 0 7 0 0 0
90 GGA 0 0 0 0 0 0 0 0 40 0 0 0 0 0 0 0 0 0 0 0 0 0 0 0 1 0 0 0 0 0 0 0 7 0 0 0 5 0 0 0 293372 0 22 4 39 0 0 0 0 0 0 0 0 0 0 0 30 0 0 0 0 0 0 0
91 GTC 10 0 0 0 0 0 0 0 0 0 0 0 0 20 0 0 0 0 0 0 0 0 0 0 0 0 0 0 0 7 0 0 0 0 0 0 0 36 0 0 0 3 0 0 146 293592 41 91 0 0 0 0 0 0 0 0 0 0 0 0 0 27 0 0
92 GGG 0 0 0 0 0 0 0 0 0 0 46 0 0 0 0 0 0 0 0 0 0 0 0 0 0 0 8 0 0 0 0 0 0 0 42 0 0 0 3 0 33 2 292757 34 0 0 44 0 0 0 0 0 0 0 0 0 0 0 51 0 0 0 0 0
93 GAG 0 0 32 0 0 0 0 0 0 0 0 0 0 0 0 0 0 0 4 0 0 0 0 0 0 0 0 0 0 0 0 0 23 7 293356 26 0 0 1 0 0 0 70 0 0 0 5 0 0 0 33 0 1 780 0 0 0 0 0 0 0 0 0 0
94 AAG 24 3 294510 27 0 0 1 0 0 0 27 0 0 0 2 0 0 0 2 0 0 0 0 0 0 0 0 0 0 0 0 0 0 0 26 0 0 0 0 0 0 0 0 0 0 0 49 0 0 0 2 0 0 0 0 0 0 0 0 0 0 0 0 0
95 AAG 24 1 294948 23 0 0 2 0 1 0 31 0 0 0 3 0 0 0 2 0 1 0 0 0 0 0 0 0 0 0 0 0 0 0 6 0 0 0 0 0 0 0 0 0 0 0 0 0 0 0 2 0 0 0 0 0 0 0 0 0 0 0 0 0
96 ATC 0 4 0 0 0 10 0 0 0 5 0 0 42 292754 3 29 0 0 0 0 0 0 0 0 0 0 0 0 0 194 0 0 0 0 0 0 0 0 0 0 0 0 1 0 0 14 0 0 0 0 0 0 0 0 0 0 0 0 0 0 0 3 0 0
97 ACC 0 39 0 0 22 293253 79 22 0 4 0 0 0 31 0 0 0 0 0 0 0 9 0 0 0 0 0 0 0 0 0 0 0 0 0 0 0 22 0 0 0 0 1 0 0 0 0 0 0 0 0 0 0 4 0 0 0 0 0 0 0 0 0 0
98 CAC 0 52 0 0 0 0 0 0 0 0 0 0 0 0 5 0 64 269832 5 34 0 9 12 0 0 4 6 0 9 7 23045 5 0 3 0 0 0 0 0 0 0 0 0 0 0 0 0 0 0 22 0 0 0 0 0 0 0 0 0 0 0 0 2 0
99 CAC 1 76 0 0 0 2 0 0 0 0 0 0 0 0 0 0 84 290737 7 26 0 8 0 0 0 13 0 0 0 9 0 0 0 14 0 0 0 0 0 0 0 0 0 0 0 0 0 0 0 94 0 0 0 18 0 0 0 0 0 0 0 0 0 0
100 TGG 0 0 0 0 0 0 0 0 0 0 7 0 0 0 0 0 0 0 0 0 0 0 0 0 0 0 21 0 0 0 0 0 0 0 0 0 0 0 0 0 0 0 17 0 0 0 0 0 0 0 24 0 0 0 6 0 98 1 290230 50 0 0 68 0
101 CAC 2 81 0 0 0 0 0 0 0 0 0 0 0 0 0 0 86 290526 8 51 0 1 0 0 0 20 0 0 0 7 0 0 0 3 0 0 0 0 0 0 0 0 0 0 0 0 0 0 0 31 0 0 0 0 0 0 0 0 0 0 0 0 0 0
102 AGG 0 0 37 0 0 0 3 0 20 6 290484 64 0 0 76 0 0 0 0 0 0 0 0 0 0 0 6 0 0 0 0 0 0 0 0 0 0 0 0 0 0 0 54 0 0 0 0 0 0 0 0 0 0 0 0 0 0 0 6 0 0 0 0 0
103 AGT 0 0 0 14 0 0 0 10 3 20 11 287950 0 0 0 2125 0 0 0 0 277 108 0 0 0 0 0 1 0 0 0 0 0 0 0 0 0 0 0 0 0 0 0 22 0 0 54 0 0 0 0 0 0 0 0 0 0 0 0 5 0 0 0 0
104 GGC 0 0 0 0 0 0 0 0 0 33 0 0 0 0 0 0 0 0 0 0 0 0 0 0 0 5 0 0 0 0 0 0 0 31 0 0 0 5 0 0 87 289445 439 60 0 84 0 0 0 0 0 0 0 0 0 0 0 70 0 0 0 0 0 0
105 AGC 0 61 0 0 0 2 0 0 86 290623 3 49 0 58 0 0 0 0 0 0 0 0 0 0 0 0 0 0 0 0 0 0 0 0 0 0 0 0 0 0 0 52 0 0 0 0 0 0 0 0 0 0 0 0 0 0 0 2 0 0 0 0 0 0
106 ACC 0 59 0 0 48 289571 1 33 0 13 0 0 0 29 0 0 0 0 0 0 0 4 0 0 0 0 0 0 0 0 0 0 0 0 0 0 0 13 0 0 0 0 0 0 0 0 0 0 0 0 0 0 0 3 0 0 0 0 0 0 0 0 0 0
107 ATT 0 0 0 1 0 0 0 21 0 0 0 6 2 31 19 290590 0 0 0 0 0 0 0 0 0 0 0 0 0 0 0 0 0 0 0 0 0 0 0 0 0 0 0 0 0 0 0 19 0 0 0 0 0 0 0 0 0 0 0 0 0 0 0 4
108 GGA 1 0 0 0 0 0 0 0 28 0 0 0 0 0 0 0 0 0 0 0 0 0 0 0 3 0 0 0 0 0 0 0 143 0 0 0 2 0 0 0 290043 0 237 3 36 0 0 0 0 0 0 0 0 0 0 0 62 0 0 0 0 0 0 0
109 AAA 290556 5 55 1 1 0 0 0 15 0 0 0 1 0 0 0 0 0 0 0 0 0 0 0 0 0 0 0 0 0 0 0 22 0 0 0 0 0 0 0 0 0 0 0 0 0 0 0 1 0 0 0 0 0 0 0 0 0 0 0 0 0 0 0
110 GCA 0 0 0 0 25 0 0 0 0 0 0 0 0 0 0 0 0 0 0 1 6 0 0 0 0 0 0 0 0 0 0 0 96 0 0 0 290264 0 18 36 2 0 0 0 52 0 0 0 0 0 0 0 95 0 0 0 0 0 0 0 0 0 0 0
111 TTT 0 0 0 0 0 0 0 0 0 0 0 0 0 0 0 2 0 0 0 0 0 0 0 0 0 0 0 0 0 0 0 29 0 0 0 0 0 0 0 0 0 0 0 0 0 0 0 5 0 0 0 0 0 0 0 12 0 0 0 2 0 18 3 290673
112 GAA 32 0 0 0 0 0 0 0 207 0 0 0 0 0 0 0 6 0 0 0 0 0 0 0 0 0 0 0 0 0 0 0 290373 1 34 4 1 0 38 0 32 0 54 0 3 0 50 0 32 0 0 0 0 0 0 0 0 0 0 0 0 0 0 0
113 GCC 0 0 0 0 0 28 0 0 0 0 0 0 0 0 0 0 0 0 0 0 0 16 0 0 0 0 0 0 0 0 0 0 0 108 0 0 52 289095 1 31 0 3 0 0 0 39 0 0 0 0 0 0 0 86 0 0 0 0 0 0 0 0 0 0
114 ACT 0 0 0 72 2 29 13 290247 0 0 0 4 0 0 0 22 0 0 0 0 0 0 0 3 0 0 0 0 0 0 0 0 0 0 0 0 0 0 0 10 0 0 0 0 0 0 0 0 0 0 0 0 0 0 0 3 0 0 0 0 0 0 0 0
115 GTG 0 0 0 0 0 0 0 0 0 0 0 0 0 0 27 0 0 0 0 0 0 0 0 0 0 0 0 0 0 0 9 0 0 0 2 0 0 0 25 0 0 0 5 0 13 4 289817 66 0 0 0 0 0 0 0 0 0 0 0 0 0 0 51 0
116 AGA 22 0 0 0 6 0 0 0 288724 5 38 8 72 0 0 0 0 0 0 0 0 0 0 0 3 0 0 0 0 0 0 0 0 0 0 0 0 0 0 0 64 0 0 0 0 0 0 0 0 0 0 0 0 0 0 0 8 0 0 0 0 0 0 0
117 GGT 0 0 0 0 0 0 0 0 0 0 0 52 0 0 0 0 0 0 0 0 0 0 0 0 0 0 0 6 0 0 0 0 0 0 0 27 0 0 0 5 1 23 10 290433 0 0 0 78 0 0 0 0 0 0 0 0 0 0 0 47 0 0 0 0
118 GCC 0 0 0 0 0 25 0 0 0 0 0 0 0 0 0 0 0 0 0 0 0 7 0 0 0 0 0 0 0 0 0 0 0 87 0 0 48 289395 4 23 0 5 0 0 0 39 0 0 0 0 0 0 0 48 0 0 0 0 0 0 0 0 0 0
119 AAG 22 2 290391 62 0 0 2 0 0 0 20 0 0 0 8 0 0 0 2 0 0 0 0 0 0 0 0 0 0 0 0 0 0 0 21 0 0 0 0 0 0 0 0 0 0 0 0 0 0 0 2 0 0 0 0 0 0 0 0 0 0 0 0 0
120 AGA 104 0 0 0 2 0 0 0 275001 1 22 5 45 0 0 0 10 0 0 0 1 0 0 0 15094 0 0 0 5 0 0 0 1 0 0 0 0 0 0 0 16 0 0 0 0 0 0 0 0 0 0 0 0 0 0 0 5 0 0 0 0 0 0 0
121 ATG 0 0 2 0 0 0 14 0 0 0 2 0 20 4 290232 64 0 0 0 0 0 0 0 0 0 0 0 0 0 0 0 0 0 0 0 0 0 0 0 0 0 0 0 0 0 0 24 0 0 0 0 0 0 0 0 0 0 0 0 0 0 0 1 0
122 GCA 0 0 0 0 53 0 0 0 0 0 0 0 0 0 0 0 0 0 0 0 1 0 0 0 0 0 0 0 0 0 0 0 53 0 0 0 289907 1 43 0 2 0 0 0 43 0 0 0 0 0 0 0 47 0 0 0 0 0 0 0 0 0 0 0
123 GTC 0 0 0 0 0 0 0 0 0 0 0 0 0 23 0 0 0 0 0 0 0 0 0 0 0 0 0 0 0 5 0 0 0 0 0 0 0 24 0 0 0 5 0 0 65 287341 6 27 0 0 0 0 0 0 0 0 0 0 0 0 1 2154 0 0
124 TTG 0 0 0 0 0 0 0 0 0 0 0 1 0 0 3 0 0 0 0 0 0 0 0 0 0 0 0 0 0 0 35 0 0 0 0 0 0 0 0 0 0 0 0 0 0 0 2 0 0 0 1 0 0 0 18 0 0 0 14 0 29 4 289610 53
125 GGA 0 0 0 0 0 0 0 0 47 0 0 0 0 0 0 0 0 0 0 0 0 0 0 0 8 0 0 0 0 0 0 0 25 0 0 0 3 0 0 0 288920 1 46 3 45 0 0 0 0 0 0 0 0 0 0 0 44 0 0 0 0 0 0 0
126 GAC 0 22 0 0 0 0 0 0 0 0 0 0 0 0 0 0 0 4 0 0 0 0 0 0 0 0 0 0 0 0 0 0 141 288446 14 44 0 0 0 0 540 42 0 0 1 1 0 0 0 45 0 0 0 0 0 33 1 0 0 0 0 0 0 0
127 ACA 98 0 0 0 289421 8 50 4 6 0 0 0 37 0 0 0 0 0 0 0 0 0 0 0 0 0 0 0 0 0 0 0 0 0 0 0 19 0 0 0 0 0 0 0 0 0 0 0 0 0 0 0 4 0 0 0 0 0 0 0 0 0 0 0
128 GCC 0 0 0 0 0 47 0 0 0 0 0 0 0 0 0 0 0 0 0 0 0 5 1 0 0 0 0 0 0 0 0 0 0 31 0 0 49 285457 3 20 0 6 0 0 0 35 0 0 0 0 1 0 1 77 3615 1 0 0 0 0 0 0 1 0
129 TGG 0 0 0 0 0 0 0 0 0 0 8 0 0 0 0 0 0 0 0 0 0 0 0 0 0 0 65 0 0 0 2 0 0 0 0 0 0 0 0 0 0 0 42 0 0 0 0 0 0 0 30 0 0 0 4 0 32 4 288834 38 0 0 62 0
130 GAC 0 30 0 0 0 0 0 0 0 0 0 0 0 0 0 0 0 5 0 0 0 0 0 0 0 0 0 0 0 0 0 0 55 288117 3 286 0 0 0 0 0 10 0 0 0 1 0 0 0 42 0 0 0 0 0 0 0 0 0 0 0 0 0 0
131 TTT 0 0 0 0 0 0 0 0 0 0 0 0 0 0 0 1 0 0 0 0 0 0 0 0 0 0 0 0 0 0 0 41 0 0 0 0 0 0 0 0 0 0 0 0 0 0 49 6 0 0 0 1 0 0 0 19 0 0 0 2 1 40 4 288587
132 GGA 0 0 0 0 0 0 0 0 21 0 0 0 0 0 0 0 0 0 0 0 0 0 0 0 3 0 0 0 0 0 0 0 29 0 0 0 6 0 0 0 289388 21 13 5 61 0 0 0 0 0 0 0 0 0 0 0 53 0 0 0 0 0 0 0
133 TCA 0 0 0 0 0 0 0 0 0 0 0 0 0 0 0 0 0 0 0 0 10 0 0 0 0 0 0 0 0 0 0 0 0 0 0 0 1 0 0 0 0 0 0 0 0 0 0 0 70 0 0 0 287988 10 41 2 4 0 0 0 46 0 0 0
134 GTT 0 0 0 0 0 0 0 0 0 0 0 0 0 0 0 20 0 0 0 0 0 0 0 0 0 0 0 0 0 0 0 6 0 0 0 5 0 0 0 29 0 0 0 1 2 20 9 288665 0 0 0 0 0 0 0 1 0 0 0 0 0 0 0 66
135 GGA 0 0 0 0 0 0 0 0 30 0 0 0 0 0 0 0 0 0 0 0 0 108 0 0 3 0 0 0 0 0 0 0 26 37 0 0 5 0 0 0 288348 1 51 4 46 0 0 0 0 0 0 0 0 0 0 0 34 0 0 0 0 0 0 0
136 GGC 0 0 0 0 0 0 0 0 0 44 0 0 0 0 0 0 0 0 0 0 0 0 0 0 0 3 0 0 0 0 0 0 0 22 1 0 0 1 0 0 124 288315 6 57 0 41 0 0 0 0 0 0 0 0 0 0 0 44 0 0 0 0 0 0
137 GCT 0 0 0 0 0 0 0 81 0 0 0 0 0 0 0 0 0 0 0 0 0 0 0 10 0 0 0 0 0 0 0 0 0 0 0 65 1 39 11 288237 0 0 0 1 0 0 0 22 0 0 0 0 0 0 0 66 0 0 0 0 0 0 0 0
138 CTC 0 0 0 0 0 0 0 0 0 0 0 0 2072 68 0 0 0 0 0 0 0 23 0 0 0 2 0 0 56 285807 2 31 0 0 0 0 0 0 0 0 0 0 0 0 0 2 0 0 0 0 0 0 0 0 0 0 0 0 0 0 0 14 0 0
139 AAC 63 277310 6 22 0 1 2 0 0 573 1 0 1 0 11309 2 0 1 0 0 0 0 0 0 0 0 0 0 0 0 0 0 0 20 0 0 0 0 0 0 0 0 0 0 0 0 2 0 0 0 0 0 0 0 0 0 0 0 0 0 0 0 0 0
140 TCA 0 0 0 0 1 0 0 0 0 0 0 0 0 0 0 0 0 0 0 0 33 0 0 0 0 0 0 0 0 0 0 0 0 0 0 0 0 0 0 0 0 0 0 0 1 0 0 0 74 0 0 0 287649 0 20 10 2 0 0 0 25 0 0 0
141 TTG 0 0 0 0 0 0 0 0 0 0 0 0 0 1 4302 0 0 0 0 0 0 0 0 0 0 0 0 0 0 0 17 0 0 0 0 0 0 0 0 0 0 0 0 0 0 0 3 0 0 0 0 0 0 0 17 0 0 0 15 0 28 3 282827 59
142 GGC 0 0 0 0 0 0 0 0 0 42 0 0 0 0 0 0 0 0 0 0 0 0 0 0 0 5 0 0 0 0 0 0 0 34 0 0 0 4 0 0 72 287385 4 44 0 56 0 0 0 0 0 0 0 0 0 0 0 57 0 0 0 0 0 0
143 AAG 27 3 287567 59 0 0 3 0 0 0 61 0 0 0 2 0 0 0 21 0 0 0 0 0 0 0 0 0 0 0 0 0 0 0 23 0 0 0 0 0 0 0 0 0 0 0 0 0 0 0 2 0 0 0 0 0 0 0 0 0 0 0 0 0
144 GGC 0 0 0 0 0 0 0 0 0 64 0 0 0 0 0 0 0 0 0 0 0 0 0 0 0 6 0 0 0 0 0 0 0 51 0 0 0 5 0 0 56 286300 1 25 0 35 0 0 0 0 0 0 0 0 0 0 0 41 0 0 0 0 0 0
145 ATC 0 5 0 0 0 31 0 0 0 0 0 0 63 288329 5 36 0 0 0 0 0 0 0 0 0 0 0 0 0 5 0 0 0 0 0 0 0 0 0 0 0 0 0 0 0 17 0 0 0 0 0 0 0 0 0 0 0 0 0 0 0 3 0 0
146 CAT 0 0 0 48 0 0 0 0 0 0 0 0 0 0 0 0 36 34 2 287489 0 0 0 0 0 0 0 9 0 0 0 1 0 0 0 4 0 0 0 0 0 0 0 0 0 0 0 0 0 0 0 36 0 0 0 0 0 0 0 0 0 0 0 0
147 CAA 224 0 0 0 0 0 0 0 0 0 0 0 0 0 0 0 287615 0 18 0 1 0 0 0 17 0 0 0 3 0 0 0 5 0 0 0 0 0 0 0 23 0 0 0 0 0 0 0 26 0 0 0 0 0 0 0 0 0 0 0 0 0 0 0
148 ATT 1 0 0 92 0 0 0 11 0 0 0 0 7 31 5 287882 0 0 0 0 0 0 0 0 0 0 0 0 0 0 0 2 0 0 0 0 0 0 0 0 0 0 0 0 0 0 0 12 0 0 0 0 0 0 0 0 0 0 0 0 0 0 0 59
149 TTT 0 0 0 0 0 0 0 0 0 0 0 0 0 0 0 0 0 0 0 0 0 0 0 0 0 0 0 0 0 0 0 16 0 0 0 0 0 0 0 0 0 0 0 0 0 0 0 7 0 0 0 1 0 0 0 18 0 0 1 0 1 11 23 288028
150 GGA 0 0 0 0 0 0 0 0 27 1 0 0 0 0 0 0 0 0 0 0 0 0 0 0 2 0 0 0 0 0 0 0 13 0 20 0 7 0 0 0 285162 0 38 3 76 0 0 0 0 0 0 0 0 0 0 0 62 0 384 0 0 0 1 0
151 GCA 0 0 0 0 49 0 0 0 0 381 0 0 1 0 0 0 0 0 26 0 3 0 0 0 0 0 0 0 0 0 0 0 51 0 2 0 284807 2 18 8 2 1 30 0 52 0 0 0 0 0 0 0 43 0 0 0 0 0 0 0 0 0 0 0
152 GCT 0 0 0 0 0 0 0 46 0 390 0 0 0 0 0 0 0 0 1 0 0 0 0 9 0 0 0 0 0 0 0 28 0 0 0 65 2 145 5 286548 0 0 0 3 0 0 0 128 0 0 0 0 0 0 0 57 0 0 0 0 0 4 0 2
153 TTC 2 0 0 0 0 0 0 0 0 0 0 0 0 0 0 0 0 0 0 0 0 0 0 0 0 0 0 0 0 18 0 0 0 0 0 0 0 0 0 0 0 0 0 0 0 4 0 0 5 1 0 0 1 18 0 0 0 1 0 0 66 280770 6 25
154 AAA 279458 1 17 1 4 0 0 0 19 0 0 0 1 0 0 0 0 0 0 0 0 0 0 0 0 0 0 0 0 0 0 0 9 0 28 0 0 0 0 0 0 0 0 0 0 0 0 0 3 0 0 0 0 0 4 0 0 0 0 0 0 0 0 0
155 TCA 0 0 0 0 0 0 0 0 0 0 0 0 0 0 0 0 0 0 0 0 12 0 0 0 0 0 0 0 0 0 0 0 0 0 0 0 3 0 0 0 0 0 0 0 0 0 0 0 115 0 0 0 272756 0 13 15 6 0 0 0 36 0 0 0
156 TTG 0 0 0 0 0 0 0 0 0 0 0 0 0 3 24 134 0 0 0 48 0 0 0 0 0 0 2 0 0 0 18 0 0 0 0 0 0 0 0 0 0 0 0 0 0 0 0 0 0 0 1 0 6 0 14 0 0 0 5 110 12 6 282599 60
157 TTT 0 0 0 0 0 0 0 0 0 0 0 0 0 0 0 5 0 0 0 0 0 0 0 0 0 0 0 0 0 0 0 19 0 0 0 0 0 0 0 0 0 0 0 0 0 0 0 125 0 0 0 1 0 0 0 12 0 0 0 12 0 12 2 285416
158 GGA 0 0 0 0 0 0 0 0 28 0 0 0 6 0 0 0 0 0 0 0 0 0 0 0 2 0 0 0 0 0 0 0 19 0 0 0 9 0 0 0 282364 0 32 4 57 0 3 0 0 0 0 0 0 0 0 0 55 0 10 0 0 0 0 0
159 GGA 0 0 0 0 0 0 0 0 28 0 3 0 0 0 0 0 0 0 0 0 0 0 0 0 6 0 0 0 0 0 0 0 37 0 0 0 2 0 0 0 280846 1 1081 0 48 0 0 0 0 0 0 0 0 0 0 0 48 0 0 0 0 0 0 0
160 ATG 0 0 1 0 0 0 7 0 0 0 6 0 23 8 284806 69 0 0 0 0 0 0 0 0 0 0 0 0 0 0 0 0 0 0 0 0 0 0 0 0 0 0 0 0 0 0 31 0 0 0 0 0 0 0 0 0 0 0 0 0 0 0 5 0
161 TCC 0 0 0 0 0 0 0 0 0 0 0 26 0 0 0 0 0 0 0 0 1 707 0 0 0 0 0 1 0 0 0 0 0 0 0 30 0 0 0 4 9 8 2 215613 0 0 0 35 0 7 0 0 18 66849 0 7 0 6 0 26 0 8 0 0
162 TGG 0 0 0 0 0 0 0 0 0 0 0 0 0 0 0 0 0 0 0 0 0 0 0 0 0 0 8 0 0 0 0 0 0 0 0 0 0 0 0 0 0 0 6 0 0 0 0 0 1 0 20 0 0 0 3 0 28 14 284488 68 0 0 65 0
163 TTC 0 0 0 0 0 0 1 0 0 0 0 0 0 1 3593 3 0 0 0 0 0 0 0 0 0 0 0 0 0 22 0 0 0 0 0 0 0 0 0 0 0 0 0 0 0 5 16 0 0 0 0 0 0 12 0 0 0 0 0 0 60 280457 1 26
164 TCA 0 0 0 0 3 0 1 0 0 0 0 0 0 0 0 0 0 0 0 0 27 0 0 0 0 0 0 0 0 0 0 0 0 0 0 0 2 0 0 0 0 0 0 0 0 0 0 0 62 0 0 0 285789 0 10 11 4 0 0 0 18 0 0 0
165 CAA 72 0 0 0 0 0 0 0 0 0 0 0 0 0 0 0 284456 2 9 1 2 0 0 0 17 0 0 0 1 0 0 0 5 0 0 0 0 0 0 0 0 0 0 0 0 0 0 0 14 0 0 0 0 0 0 0 0 0 0 0 0 0 0 0
166 ATC 0 0 0 0 0 20 0 0 1 1938 0 0 71 280572 3 33 0 0 0 0 0 0 0 0 0 0 0 0 0 3 0 0 0 0 0 0 0 0 0 0 0 1 0 0 0 23 0 0 0 0 0 0 0 0 0 0 0 0 0 0 0 6 0 0
167 CTC 0 0 0 0 0 0 0 0 0 0 0 0 0 43 0 0 0 1 0 0 0 33 0 0 0 1 0 0 31 284655 2 16 0 0 0 0 0 0 0 0 0 0 0 0 0 0 0 0 0 0 0 0 0 1 0 0 0 0 0 0 0 30 0 0
168 ATT 0 0 0 2 0 0 0 15 0 0 0 7 5 23 8 284877 0 0 0 0 0 0 0 0 0 0 0 0 0 0 0 25 0 0 0 0 0 0 0 0 0 0 0 0 0 0 0 16 0 0 0 0 0 0 0 0 0 0 0 0 0 0 0 9
169 GGA 0 0 0 0 0 0 0 0 29 0 0 0 0 0 0 0 0 0 0 0 0 0 0 0 1 0 0 0 0 0 0 0 23 0 0 0 4 0 0 0 288028 0 15 14 35 0 0 0 0 0 0 0 0 0 0 0 37 0 0 0 0 0 0 0
170 ACG 0 0 81 0 23 4 287232 66 0 0 8 0 0 0 97 0 0 0 0 0 0 0 1 0 0 0 0 0 0 0 0 0 0 0 0 0 0 0 18 0 0 0 0 0 0 0 0 0 0 0 0 0 0 0 4 0 0 0 0 0 0 0 1 0
171 TTG 0 0 0 0 0 0 0 0 0 0 0 0 0 0 0 0 0 0 0 0 0 0 0 0 0 0 0 0 0 0 13 0 0 0 0 0 0 0 198 6 0 0 0 0 0 0 1 0 0 0 0 0 0 0 14 0 0 0 2 0 24 4 286660 94
172 CTG 0 0 0 0 0 0 0 0 0 0 0 0 0 0 41 0 0 0 0 0 0 0 17 0 0 0 0 0 31 2 286842 32 0 0 0 0 0 0 0 0 0 0 0 0 0 0 1 0 0 0 0 0 0 0 0 0 0 0 0 0 0 0 31 0
173 ATG 0 0 0 0 0 0 13 0 0 1 9 0 19 8 287310 56 0 0 0 0 0 0 0 0 0 0 0 0 0 0 2 0 0 0 0 0 0 0 0 0 0 0 0 0 0 0 38 0 0 0 0 0 0 0 0 0 0 0 0 0 0 0 1 0
174 TGG 0 0 0 0 0 0 0 0 0 0 1 0 0 0 1 0 0 0 0 0 0 0 0 0 0 0 7 0 0 0 0 0 0 0 0 0 0 0 0 0 0 0 199 0 0 0 0 0 0 0 21 0 0 0 2 0 31 7 286271 57 0 0 50 0
175 TTG 0 0 0 0 0 0 0 0 0 0 13 0 0 0 1 0 0 0 5 0 0 0 0 0 0 0 0 0 0 0 19 0 0 0 0 0 0 0 0 0 0 0 0 0 0 0 534 0 0 0 0 0 0 0 12 2 0 0 22 0 30 4 287445 51
176 GGT 0 0 0 0 0 0 0 0 0 0 0 46 0 0 0 0 0 0 0 0 0 0 0 0 0 0 0 2 0 0 0 0 0 0 0 36 0 0 0 7 0 18 2 286941 0 0 0 41 0 0 0 0 0 0 0 0 0 0 0 39 0 0 0 0
177 CTG 0 0 0 0 0 0 0 0 0 0 0 0 0 0 91 0 0 0 0 0 0 0 24 0 0 0 6 0 33 1 284792 43 0 0 0 0 0 0 0 0 0 0 0 0 1 0 3620 1 0 0 0 0 0 0 0 0 0 0 0 0 0 0 27 0
178 AAC 79 288665 4 38 0 0 0 0 0 13 0 0 0 6 0 0 0 0 0 0 0 0 0 0 0 0 0 0 0 0 0 0 0 33 0 0 0 0 0 0 0 0 0 0 0 0 0 0 0 0 0 0 0 0 0 0 0 0 0 0 0 0 0 0
179 ACA 127 0 0 0 288002 2 16 5 4 0 0 0 23 0 0 0 0 0 0 52 1 0 0 0 0 0 0 0 0 0 0 0 0 0 0 0 18 0 0 0 0 0 0 0 0 0 0 0 0 0 0 1 0 0 0 0 0 0 0 0 0 0 0 0
180 AAG 60 0 288073 34 0 0 0 0 0 0 22 0 0 0 4 0 0 0 2 0 0 0 0 0 0 0 0 0 0 0 0 0 0 0 16 0 0 0 0 0 0 0 0 0 0 0 0 0 0 0 1 0 0 0 0 0 0 0 0 0 0 0 0 0
181 AAT 3 11 2 287539 0 0 0 1 0 0 0 12 0 0 0 1 0 0 0 2 0 0 0 0 0 0 0 0 0 0 0 0 0 0 0 18 0 0 0 0 0 0 0 0 0 0 0 0 0 0 0 1 0 0 0 0 0 0 0 0 0 0 0 0
182 GGA 0 0 0 0 0 0 0 0 24 0 0 0 0 0 0 0 0 0 0 0 0 0 0 0 0 0 0 0 0 0 0 0 27 0 0 0 2 0 0 0 286714 1 10 2 63 0 0 0 0 0 0 0 0 0 0 0 83 0 0 0 0 0 0 0
183 TCT 0 0 0 0 0 0 0 0 0 0 0 0 0 0 0 0 0 0 0 0 0 0 0 15 0 0 0 0 0 0 0 0 0 0 0 0 0 0 0 2 0 0 0 0 0 0 0 0 0 1 0 55 2 530 0 289097 0 0 0 1 0 0 0 31
184 ATT 0 0 0 0 0 0 0 22 0 0 0 2 3 17 0 290158 0 0 0 0 0 0 0 0 0 0 0 0 0 0 0 1 0 0 0 0 0 0 0 0 0 0 0 0 0 0 0 21 0 0 0 0 0 0 0 0 0 0 0 0 0 0 0 25
185 TCC 0 0 0 0 0 1 0 0 0 0 0 0 0 0 0 0 0 0 0 0 0 19 0 0 0 0 0 0 0 0 0 0 0 0 0 0 0 0 0 0 0 0 0 0 0 0 0 0 0 29 0 0 44 289894 4 22 0 4 0 0 0 29 0 0
186 CTT 0 0 0 0 0 0 0 0 0 0 0 0 0 0 0 50 0 0 0 0 0 0 0 15 0 0 0 5 2 38 1 289646 0 0 0 0 0 0 0 0 0 0 0 0 0 0 0 0 0 0 0 0 0 0 0 0 0 0 0 0 0 0 0 15
187 ATG 0 0 1 0 0 0 14 0 0 0 4 0 13 3 288795 62 0 0 0 0 0 0 0 0 0 0 0 0 0 0 0 0 0 0 0 0 0 0 0 0 0 0 0 13 0 0 23 0 0 0 0 0 0 0 0 0 0 0 0 0 0 0 2 0
188 TGC 0 0 0 0 0 0 0 0 0 20 0 0 0 0 0 0 0 0 0 0 0 0 0 0 0 19 0 0 0 0 0 0 0 0 0 0 0 0 0 0 0 8 0 0 0 0 0 0 0 24 0 0 0 4 0 0 46 289139 2 30 0 37 0 0
189 TTG 0 0 0 0 0 0 0 0 0 0 0 0 0 0 2 0 0 0 0 0 0 0 0 0 0 0 0 0 0 0 30 0 0 0 7 0 0 0 0 0 0 0 0 0 0 0 8 0 0 0 0 0 0 0 30 0 0 0 6 0 25 8 288615 71
190 GCC 0 0 0 0 0 31 0 0 0 0 0 0 0 0 0 0 0 0 0 0 0 11 0 0 0 0 0 0 0 0 0 0 0 45 0 0 59 287740 188 25 0 5 0 0 0 39 0 0 0 0 0 0 0 60 0 0 0 0 0 0 0 0 0 0
191 TTA 0 0 0 0 0 0 0 19 0 0 0 0 2 0 0 0 3 0 0 0 0 0 0 0 0 0 0 0 20 0 0 0 0 0 0 0 0 0 0 0 0 0 0 0 3 0 0 0 0 0 0 3 11 0 1 9630 2 0 0 0 279499 2 59 4
192 GGG 0 0 0 0 0 0 0 0 0 0 39 0 0 0 0 0 0 0 0 0 0 0 0 0 0 0 5 0 0 0 0 0 0 0 21 0 0 0 3 0 21 3 289570 40 0 0 35 0 0 0 0 0 0 0 30 0 0 0 65 0 0 0 0 0
193 GGA 0 0 0 0 0 0 0 0 27 0 2 0 0 0 0 0 0 0 0 0 0 0 0 0 4 0 0 0 0 0 0 0 9 0 0 0 1 0 0 0 287011 1 306 1 48 0 0 0 0 0 0 0 0 0 0 0 23 0 0 0 0 0 0 0
194 GTG 0 0 0 0 0 0 0 0 0 0 0 0 0 0 7 0 0 0 0 0 0 0 0 0 0 0 0 0 0 0 3 0 0 0 5 0 0 0 22 0 0 0 4 3 21 10 288842 90 0 0 0 0 0 0 0 0 0 0 0 0 0 0 57 1
195 TTG 0 0 0 0 0 0 0 0 0 0 1 0 0 0 10459 3 0 0 0 0 0 0 0 0 0 0 0 0 0 0 28 110 0 0 0 0 0 0 0 0 0 0 808 0 0 0 3 0 0 0 0 0 0 0 16 0 0 0 0 0 28 1 278150 36
196 ATC 0 0 0 0 0 11 0 0 0 0 0 0 43 286928 1 63 0 0 0 0 0 0 0 0 0 0 0 0 0 4 0 0 0 0 0 0 0 0 0 0 0 0 0 0 0 11 0 0 0 0 0 0 0 0 0 0 0 0 0 0 0 0 0 0
197 TTC 0 0 0 0 0 0 0 0 0 0 0 0 0 3 0 0 0 0 0 0 0 0 0 0 0 0 0 0 0 11 0 0 0 0 0 0 0 0 0 0 0 0 0 0 0 4 0 0 0 0 0 0 0 12 0 0 0 0 0 0 55 290544 5 27
198 TTA 0 0 0 0 0 0 0 0 0 0 0 0 1 0 0 0 0 0 0 0 0 0 0 0 0 0 0 0 17 0 0 0 0 0 1 0 0 0 0 0 0 0 0 0 2 0 0 0 0 0 1 0 24 0 0 0 1 0 0 0 288327 1 27 2
199 TCC 0 0 0 0 0 0 0 0 0 0 0 0 0 0 0 0 0 0 0 0 0 17 0 0 0 0 0 0 0 0 0 0 0 0 0 0 0 0 0 0 0 0 0 0 0 0 0 0 0 111 0 0 49 287468 1 21 0 4 0 0 0 21 0 0
200 ACA 80 0 0 0 290427 1 14 2 6 0 0 0 32 0 0 0 0 0 0 0 1 0 0 0 0 0 0 0 0 0 0 0 0 0 0 0 6 0 0 0 0 0 0 0 0 0 160 0 0 0 0 0 39 0 0 0 0 0 0 0 0 0 0 0
201 GCC 0 0 0 0 0 38 0 0 0 0 0 0 0 0 0 0 0 0 0 0 0 6 0 0 0 0 0 0 0 0 0 0 0 48 0 0 66 287709 3 28 0 4 0 0 0 25 1106 0 0 0 0 0 0 40 0 0 0 0 0 0 0 0 0 0
202 GTC 0 0 1 0 0 0 0 0 0 0 0 0 0 25 0 0 0 0 0 0 0 0 0 0 0 0 0 0 0 11 0 0 0 0 0 0 0 24 0 0 0 0 0 0 63 284668 10 20 0 0 0 0 0 0 0 0 0 0 0 0 0 58 0 0
203 TCT 0 0 0 0 0 0 0 3 0 0 0 0 0 0 0 0 0 0 0 0 0 0 0 11 0 0 0 0 0 0 0 0 0 0 0 0 0 0 0 0 0 0 0 0 0 0 0 0 0 0 0 69 0 17 3 288308 0 0 0 5 0 0 0 10
204 GCT 0 0 0 0 0 0 0 31 0 0 0 0 0 0 0 0 0 0 0 0 0 0 0 9 0 0 0 0 0 0 0 1 0 0 0 80 2 90 4 289487 0 0 235 4 0 0 0 38 0 0 0 0 0 8 0 38 0 0 0 0 0 0 0 0
