# POSITION WT AAA AAC AAG AAT ACA ACC ACG ACT AGA AGC AGG AGT ATA ATC ATG ATT CAA CAC CAG CAT CCA CCC CCG CCT CGA CGC CGG CGT CTA CTC CTG CTT GAA GAC GAG GAT GCA GCC GCG GCT GGA GGC GGG GGT GTA GTC GTG GTT TAA TAC TAG TAT TCA TCC TCG TCT TGA TGC TGG TGT TTA TTC TTG TTT
1 AAG 146 130 230552 247 11 42 136 8 4 10 122 9 2 6 47 8 4 10 132 13 13 30 169 5 4 7 5 1 3 8 31 6 2 1 479 2 4 3 40 0 4 1 49 2 1 1 6 0 4 11 34 7 1 7 44 0 0 7 9 0 1 0 12 2
2 GGC 0 20 0 0 0 88 0 1 1 173 3 1 0 10 0 0 0 61 0 0 2 198 3 1 2 323 4 1 0 79 1 1 1 138 5 3 6 328 12 6 121 230140 96 150 1 180 2 4 0 39 0 0 1 131 0 3 5 236 3 2 2 51 0 0
3 GTG 0 2 12 0 1 2 50 0 0 5 17 2 4 9 151 2 0 2 16 1 10 13 129 8 2 1 31 5 12 11 187 11 7 20 84 9 63 83 241 34 18 24 231 27 161 142 230464 169 3 3 12 2 4 8 54 3 1 10 27 4 1 5 171 2
4 TCA 9 0 3 3 279 124 15 15 8 1 4 1 5 17 2 7 58 40 11 26 1007 566 51 176 17 12 1 9 62 33 11 10 9 4 23 3 195 29 16 6 24 7 42 12 19 7 25 7 202 27 10 8 228316 570 140 176 41 16 30 6 129 57 20 17
5 TAC 7 112 8 9 29 119 12 18 3 33 14 1 9 64 6 2 4 260 4 9 17 343 7 31 5 27 3 0 6 121 3 6 9 93 34 8 7 92 3 4 12 31 45 11 6 16 15 3 56 230472 30 93 22 332 15 31 19 89 28 12 12 99 11 11
6 TCC 0 2 3 1 1 57 2 0 3 2 0 1 0 12 1 1 1 14 2 0 4 382 7 13 0 12 0 0 3 20 0 0 4 8 17 6 1 55 3 0 16 7 17 5 6 1 9 2 2 113 1 1 104 231498 10 99 1 12 7 6 0 76 0 2
7 TTG 0 0 7 1 1 2 13 0 0 3 9 0 1 5 59 0 1 2 21 2 1 8 58 1 0 0 1 0 3 8 215 3 1 0 13 0 0 1 5 0 2 2 14 1 0 0 28 2 7 1 58 2 16 15 143 1 6 2 33 3 64 63 231917 97
8 TGT 2 12 6 35 5 24 8 21 18 64 13 83 10 19 28 24 9 40 6 59 34 65 21 66 32 69 9 61 2 14 1 14 2 11 3 20 9 27 4 11 13 28 29 58 13 27 16 36 30 74 39 135 59 205 38 142 68 191 69 230292 43 96 41 209
9 ACC 3 219 5 8 318 227555 69 211 6 88 11 7 4 291 9 8 6 172 10 10 146 1860 113 153 2 29 9 3 4 187 5 13 5 38 2 6 7 377 2 7 7 26 18 13 8 45 7 10 0 87 0 3 30 402 14 25 5 18 10 4 6 41 4 1
10 GCA 8 18 2 1 424 152 11 10 8 28 6 1 10 21 1 13 13 45 4 5 466 325 33 48 21 108 5 5 16 51 2 13 115 83 18 16 228586 425 156 131 46 56 30 6 74 54 17 9 4 73 6 7 264 274 19 33 9 46 4 11 39 46 2 11
11 GCG 1 0 4 0 30 68 179 11 3 5 4 3 0 2 7 0 1 9 6 1 140 226 345 55 5 25 14 8 1 7 17 4 3 9 133 9 266 315 229765 228 5 7 52 9 7 7 143 3 1 2 16 1 62 141 264 40 1 6 5 2 0 4 13 0
12 TTC 35 29 14 28 15 57 14 19 18 22 23 14 37 87 12 40 20 53 3 16 32 226 39 25 7 37 3 6 21 124 5 22 17 31 21 13 9 46 6 9 41 50 66 22 8 64 32 26 62 84 27 58 76 156 34 72 29 51 43 27 283 229520 93 215
13 ACA 94 36 12 17 229843 519 174 216 45 9 16 11 120 46 21 14 22 12 12 22 426 319 30 89 17 0 0 2 32 21 6 9 15 15 14 9 83 24 12 6 27 5 13 4 16 3 15 7 13 20 12 8 133 85 20 23 141 8 9 4 13 14 11 3
14 TTC 1 0 1 0 0 5 2 0 4 5 11 3 4 25 1 0 0 5 3 2 0 21 1 2 1 6 0 2 2 81 1 1 5 12 6 5 2 5 2 5 8 28 23 18 5 15 11 12 6 66 5 1 6 147 2 5 6 22 18 6 119 232008 9 105
15 ACC 0 70 2 0 355 230523 19 135 0 23 3 2 1 152 0 0 0 3 0 0 7 969 6 3 0 3 0 0 1 12 0 0 0 1 1 0 1 178 13 6 2 11 2 2 1 5 0 0 0 2 2 0 1 177 1 3 1 1 1 0 0 0 0 0
16 AAG 173 222 229344 246 45 52 239 55 41 27 142 25 28 35 137 42 36 56 515 67 25 30 169 18 13 13 38 8 16 22 123 21 8 8 123 8 13 2 84 4 8 3 50 3 15 7 36 7 13 32 124 27 36 19 166 27 15 19 58 15 13 19 55 12
17 ATC 2 97 3 10 6 454 8 9 16 51 32 9 93 229825 23 130 1 15 0 0 0 32 0 1 1 6 0 0 2 321 0 5 5 16 5 3 3 34 4 3 12 29 20 7 6 112 12 11 0 14 2 1 2 90 1 8 3 16 6 3 1 153 8 2
18 CCG 2 0 8 1 3 7 124 5 0 2 21 2 0 1 3 1 8 18 183 9 441 441 229211 407 7 23 70 7 12 35 305 7 0 1 9 0 1 9 59 4 0 1 36 2 0 2 20 2 0 0 7 1 7 3 142 5 1 2 12 4 1 0 5 0
19 GCT 1 9 0 6 81 287 8 376 2 18 3 11 1 9 3 7 7 33 3 32 307 1020 37 652 6 47 6 16 15 48 10 28 10 46 5 121 251 825 143 226452 5 53 48 46 7 57 20 141 4 13 3 12 164 441 31 308 0 18 9 3 3 17 2 4
20 GAA 295 27 11 18 50 23 1 14 19 4 9 6 26 16 8 19 170 30 10 17 95 53 11 26 34 14 13 16 59 49 9 11 228725 217 114 112 141 156 33 50 188 49 63 40 116 81 16 25 237 79 14 36 174 170 16 77 43 31 22 14 49 88 11 23
21 ACA 209 125 23 33 225385 769 256 375 69 24 10 30 241 127 23 36 155 185 34 74 1044 735 146 415 90 30 10 13 175 166 21 53 21 18 3 4 256 142 37 46 21 6 7 2 31 17 17 5 28 40 4 7 429 285 56 132 22 12 4 4 33 18 10 5
22 CTG 2 0 9 3 1 0 28 2 3 3 34 4 3 3 216 2 25 29 171 29 85 51 417 36 8 30 96 21 276 213 230089 197 1 0 29 7 3 2 15 4 7 11 65 8 8 3 64 5 2 3 18 2 6 4 25 3 2 11 26 8 1 1 203 5
23 CAC 4 225 3 1 39 282 26 26 1 59 10 3 1 56 8 5 267 226498 110 323 160 1505 114 207 72 483 51 50 90 555 71 107 5 119 9 2 27 152 8 24 11 32 18 4 4 24 3 1 3 238 5 2 1 47 2 4 5 28 6 0 4 36 1 1
24 GGG 12 8 38 6 7 18 73 14 40 29 200 41 13 12 49 9 9 9 71 12 14 35 94 16 49 39 246 99 7 24 73 17 57 69 164 60 63 138 224 107 208 190 228108 238 55 136 230 100 13 19 33 6 33 40 92 35 36 29 340 41 13 22 45 9
25 ACA 203 126 19 28 225184 739 300 247 53 82 15 12 175 119 20 24 99 206 35 39 1094 1007 308 407 63 133 13 12 112 120 27 29 27 97 8 7 261 247 51 37 20 13 27 1 15 37 8 3 19 66 5 4 278 292 52 79 9 26 9 3 22 23 7 8
26 GTC 0 23 3 2 4 97 0 4 4 42 3 7 1 301 2 0 4 22 2 0 9 282 6 8 0 35 3 4 6 380 2 2 11 222 20 16 32 741 45 38 38 269 161 83 232 228477 85 115 3 38 4 2 10 221 3 6 5 45 8 1 5 354 4 3
27 ACA 173 139 26 16 224863 716 324 250 42 104 18 18 125 93 21 26 98 338 44 35 851 1064 250 262 77 154 21 22 83 100 23 18 17 89 10 12 255 263 66 38 25 44 54 11 13 48 16 3 22 87 5 8 238 260 34 52 16 47 15 9 17 68 13 8
28 GTG 1 4 14 2 4 10 23 1 0 3 29 0 3 11 133 4 0 3 16 2 7 5 67 5 0 2 31 3 16 17 180 16 12 10 94 12 55 40 214 31 10 21 322 24 157 126 230210 198 0 4 13 1 5 2 56 0 2 7 31 4 7 9 182 8
29 GAG 2 14 113 9 5 2 43 2 6 4 17 7 0 4 19 4 6 14 103 6 18 13 100 5 6 5 22 2 1 4 28 1 106 96 228097 145 29 46 142 29 20 20 227 20 10 14 52 16 11 15 150 8 30 42 94 12 2 9 23 2 5 9 24 7
30 GTA 10 7 2 4 65 66 2 7 16 13 4 4 192 87 3 25 53 54 4 7 383 315 21 58 22 38 6 2 311 412 18 58 90 95 23 30 320 450 37 89 97 119 114 49 226841 253 133 115 44 33 3 4 110 144 5 17 22 20 5 3 168 141 6 15
31 CAG 4 15 162 6 28 18 112 4 6 3 33 11 2 6 27 4 395 770 227172 413 287 475 676 203 107 57 329 84 134 187 229 83 0 2 74 4 13 5 37 3 3 2 131 5 1 0 30 0 2 4 142 3 14 10 81 0 6 0 64 5 1 1 24 2
32 TAC 9 287 10 9 31 385 41 32 5 101 9 6 9 115 5 9 13 865 13 19 58 1115 57 65 13 271 12 9 16 380 14 28 6 182 29 10 22 368 9 10 17 85 58 13 13 87 12 13 163 225879 36 178 51 602 23 68 21 250 45 18 28 275 19 20
33 GCA 1 2 1 2 314 99 10 13 3 14 2 0 4 8 0 1 7 24 3 3 320 147 8 18 6 74 0 4 5 25 0 6 118 42 19 6 229011 358 283 141 59 43 83 19 122 50 54 20 2 85 4 2 285 248 10 25 8 57 3 3 26 95 6 6
34 GGG 1 3 23 0 3 4 25 2 16 11 135 9 2 0 20 0 1 1 12 1 1 9 37 4 34 37 188 30 2 5 27 0 21 27 184 22 20 47 190 23 137 173 230001 149 17 37 198 20 3 0 13 0 4 2 32 0 24 23 296 16 4 2 44 2
35 ACA 184 97 16 19 227279 680 274 275 35 60 31 14 170 82 22 15 58 142 20 31 742 465 108 215 15 41 14 4 73 72 11 12 23 73 29 11 212 105 38 35 32 21 97 21 31 9 29 7 22 40 15 7 171 5 15 24 17 10 29 5 22 20 8 7
36 GAT 17 57 4 131 18 65 7 86 9 13 9 16 18 32 14 36 23 113 8 198 30 207 10 283 25 24 10 49 22 51 10 53 81 270 109 227920 86 330 62 226 42 84 100 123 30 122 51 94 25 80 11 241 49 249 18 213 9 34 8 42 18 73 6 65
37 GGA 30 14 8 2 44 65 0 4 200 92 22 10 24 26 4 2 36 15 8 1 70 70 2 7 181 175 30 4 29 61 4 4 201 138 57 42 217 308 62 60 228411 205 396 59 170 42 49 34 16 45 5 2 39 133 8 5 193 57 22 3 18 40 1 2
38 CCT 4 6 1 6 0 6 5 127 0 2 8 5 3 1 2 7 17 39 15 155 479 670 139 229892 9 38 37 37 15 22 9 113 2 3 8 10 8 7 13 28 4 1 14 16 2 2 7 4 2 0 2 6 3 12 4 114 0 4 11 12 2 0 5 2
39 TGC 0 8 0 0 0 7 0 0 2 85 10 3 0 6 1 0 0 18 0 0 2 29 0 1 1 272 7 5 0 12 0 2 0 3 2 0 5 15 2 7 0 52 21 4 0 3 2 1 4 124 2 1 3 141 0 1 102 230990 40 131 0 136 4 1
40 AAG 221 302 226817 240 104 189 243 65 39 58 140 19 55 63 97 36 98 198 160 81 126 272 411 53 38 75 103 23 55 75 119 35 19 42 152 17 44 34 167 6 18 21 88 8 7 22 54 6 28 60 95 30 61 76 157 31 10 20 60 7 30 27 47 14
41 GTT 1 2 4 2 0 1 0 9 4 0 9 15 4 7 7 107 0 0 1 1 0 8 1 3 1 0 0 4 0 8 2 23 11 14 27 40 14 68 14 123 44 27 140 121 58 153 71 230309 0 1 2 4 1 5 2 15 3 2 9 13 5 17 7 141
42 CCA 3 2 12 5 157 50 30 3 18 9 16 6 11 2 15 1 161 116 28 12 228747 866 285 290 39 73 45 20 171 71 40 5 13 10 24 4 62 42 44 12 22 8 30 10 18 2 24 3 9 2 3 2 151 44 11 5 16 2 24 8 9 3 4 1
43 GCT 1 8 2 5 68 328 20 430 6 24 11 15 4 15 4 17 6 44 7 32 257 1291 59 896 4 10 4 31 24 76 15 36 26 78 38 189 367 922 224 224998 38 47 158 122 41 86 66 175 4 13 1 12 24 210 16 241 6 11 7 15 0 9 2 12
44 CAG 15 25 262 26 68 31 116 27 25 8 68 14 8 12 43 10 464 727 225388 455 388 451 647 270 151 103 359 118 148 235 375 137 15 2 107 9 31 14 60 15 3 3 44 5 4 3 39 2 8 22 163 14 56 22 98 24 13 4 50 4 9 12 31 6
45 ATG 134 186 225 105 330 442 456 181 46 169 240 99 261 317 221668 329 75 142 264 86 266 338 556 73 50 135 163 72 233 407 364 168 29 63 134 51 82 99 297 24 11 58 148 34 52 64 283 66 41 68 125 48 96 82 268 47 24 89 144 57 75 108 187 63
46 GCG 3 8 38 5 155 157 368 64 12 22 90 10 6 11 43 5 11 43 57 3 215 306 524 116 38 106 127 30 12 34 63 19 28 74 262 29 427 483 225491 367 55 103 510 78 33 41 462 27 3 11 27 2 52 57 250 31 7 62 68 13 6 17 53 1
47 GTG 7 12 58 12 26 61 184 30 11 15 88 18 47 46 201 34 17 16 121 14 177 226 474 98 18 41 123 57 121 229 255 117 55 83 170 70 195 329 372 160 39 104 509 114 207 231 224892 283 15 24 73 5 56 100 177 41 24 35 151 34 42 79 209 53
48 GAC 17 507 10 15 71 679 41 51 27 121 35 15 5 177 13 6 11 535 1 8 33 1169 20 32 5 132 1 6 4 211 2 5 261 216991 181 241 123 829 106 112 81 398 252 118 46 338 73 38 17 543 16 22 58 790 30 75 24 186 18 20 11 219 7 9
49 ATG 52 41 183 45 101 92 299 61 76 70 414 86 260 184 219264 201 20 20 168 22 52 56 296 39 26 28 116 28 81 65 300 75 37 16 183 37 23 17 118 20 95 77 639 112 51 36 343 48 22 28 105 20 29 22 138 26 59 40 226 84 35 31 180 40
50 CAA 136 14 36 19 49 34 18 11 48 25 58 28 16 6 28 5 220687 544 172 207 706 638 143 186 199 271 149 62 216 239 97 71 77 22 79 30 71 32 66 30 120 35 154 43 56 4 61 22 118 16 33 13 29 7 16 12 52 16 64 28 22 12 33 10
51 ACT 31 63 38 116 318 907 223 216753 47 49 222 120 21 48 49 178 12 74 21 56 271 641 83 777 23 37 86 70 40 141 54 82 43 42 113 63 74 83 184 232 96 81 375 206 29 16 90 65 5 33 9 24 67 151 33 240 13 16 41 27 10 16 25 17
52 CTG 7 1 64 2 2 1 53 10 19 19 199 28 9 8 232 17 50 47 266 42 66 90 482 65 42 61 464 75 211 217 220636 323 15 2 105 12 7 2 97 14 7 12 82 18 18 17 295 34 8 4 73 7 5 5 81 10 34 18 234 47 5 7 183 12
53 ACC 11 137 24 8 176 221328 88 152 28 54 70 19 8 137 24 4 1 79 12 4 59 1858 37 59 6 42 21 6 4 60 4 1 11 35 30 8 21 327 57 22 41 82 91 29 5 31 15 4 0 20 4 1 7 324 16 4 2 25 15 3 1 9 0 1
54 CCA 4 6 2 2 258 55 20 17 2 4 1 2 11 3 6 1 203 95 44 40 223387 320 268 218 67 85 34 25 172 66 49 44 10 7 4 6 97 44 30 17 7 8 5 1 9 7 6 2 11 10 9 1 189 18 16 8 15 5 7 4 12 4 5 7
55 GTT 3 3 0 3 2 1 0 10 9 7 2 30 5 16 2 156 0 3 0 15 10 45 0 51 4 12 2 17 26 101 5 234 28 37 17 112 98 201 10 266 56 61 25 195 136 276 72 222685 2 5 2 9 6 25 5 36 8 4 1 22 10 15 4 201
56 GGG 0 0 8 3 2 0 27 1 3 13 238 10 0 0 11 0 2 1 8 1 3 3 17 0 6 13 187 15 1 2 8 0 19 30 346 17 25 40 275 31 262 248 227133 269 25 41 362 42 0 1 8 0 2 3 15 1 8 9 378 12 2 0 18 0
57 AGG 2 15 146 5 10 27 121 7 147 158 227901 157 4 15 148 3 2 2 32 2 4 17 120 3 27 98 265 34 2 3 40 1 2 1 85 0 1 1 46 2 50 28 416 26 0 3 52 4 1 1 21 2 0 3 30 1 7 23 169 14 3 2 23 1
58 TTG 5 2 83 7 8 14 76 3 9 11 94 7 13 5 146 13 15 22 112 19 84 70 310 30 2 3 38 3 48 32 309 40 4 6 80 2 13 8 62 5 15 12 218 17 7 5 145 13 27 20 105 15 85 73 224 47 19 23 118 17 160 94 226865 181
59 ATA 122 76 14 42 247 99 50 62 70 21 27 28 227824 164 92 101 73 23 5 24 220 52 35 45 32 11 7 3 189 102 9 45 13 8 3 12 25 8 3 2 18 7 14 4 71 16 22 15 27 20 5 11 37 9 8 5 10 1 5 7 81 18 7 12
60 ACC 23 287 61 46 341 220327 141 309 59 184 124 59 20 371 64 25 22 270 23 12 124 3183 114 159 35 191 28 20 13 273 24 21 55 93 103 52 96 765 178 83 142 234 140 76 43 98 78 35 18 48 31 13 24 842 54 28 54 73 70 40 17 49 18 14
61 GCT 1 8 20 12 19 30 52 368 5 19 25 32 3 2 10 11 3 7 11 8 20 34 18 283 9 49 28 30 13 4 19 14 71 43 152 248 270 460 381 225220 95 141 275 270 57 72 211 170 3 2 10 6 9 10 22 195 11 40 24 35 3 1 7 10
62 AAC 91 225496 81 135 28 520 27 26 55 167 88 38 17 202 44 6 18 406 29 20 16 523 19 7 31 71 54 24 3 91 20 7 54 189 160 53 38 116 74 27 103 165 289 63 37 58 48 20 23 149 50 23 1 184 25 11 40 61 119 25 14 27 14 7
63 CCC 11 23 31 12 19 148 30 27 21 18 61 26 11 21 27 7 25 228 51 25 265 226591 148 207 56 101 114 93 12 213 67 32 17 70 46 31 22 122 8 49 44 32 119 30 16 70 57 41 9 29 32 17 14 150 53 20 24 34 97 26 10 32 28 22
64 GTA 22 5 33 9 16 3 26 7 34 2 71 38 167 8 38 6 17 1 12 8 9 1 15 5 47 11 60 40 48 2 30 12 109 38 154 66 166 35 165 55 432 168 780 212 227075 130 370 134 24 18 23 8 15 8 21 7 68 21 91 55 142 15 53 15
65 ATC 13 198 10 14 27 598 20 20 49 171 32 32 178 227999 73 183 2 68 1 5 8 367 5 11 11 56 10 6 9 658 5 11 20 33 18 12 16 67 20 11 21 46 6 10 19 193 21 17 9 46 14 8 12 105 27 18 17 59 13 16 12 206 10 19
66 ACT 24 23 84 155 111 220 120 226638 59 43 240 145 34 27 97 86 15 32 47 34 55 56 69 193 38 27 73 67 24 25 66 43 40 48 150 85 76 60 260 123 94 73 262 246 58 70 170 116 19 20 65 32 30 30 113 92 42 19 175 106 9 14 38 42
67 GAA 216 4 3 3 6 3 0 3 12 3 10 6 3 2 3 1 39 5 1 0 14 7 1 5 17 4 7 2 3 0 4 1 229710 80 159 56 64 43 29 24 213 56 213 54 65 35 53 23 114 22 6 2 67 66 2 2 23 18 13 2 12 27 2 3
68 AGC 5 139 17 10 7 160 20 4 123 229435 108 107 7 164 14 3 2 11 9 1 0 24 3 1 9 140 39 18 1 6 3 0 8 19 13 3 19 21 51 26 29 152 127 44 9 23 8 5 2 10 2 0 1 6 3 2 22 94 61 24 2 12 3 0
69 ACT 7 15 24 122 141 288 80 228821 19 36 91 61 6 13 42 83 3 5 14 12 44 93 21 232 10 17 19 37 2 10 26 13 9 10 37 50 36 31 99 116 43 38 139 122 5 10 64 41 4 10 21 12 10 16 27 80 8 13 38 41 7 8 17 15
70 GAG 2 3 91 0 1 0 15 3 7 3 42 4 2 2 22 1 2 2 44 2 0 6 12 2 6 1 38 3 0 0 14 0 110 55 228568 166 7 11 127 9 53 20 660 38 12 6 225 9 3 1 177 1 5 7 68 1 5 4 77 4 1 1 21 1
71 AAC 62 229431 67 99 9 236 23 19 25 85 92 37 15 48 29 7 7 142 4 4 1 248 5 6 1 17 8 0 1 24 5 1 27 104 106 34 6 32 7 5 40 49 131 36 6 34 18 22 5 52 34 7 1 58 7 1 6 5 24 7 3 6 3 2
72 TCT 1 0 11 14 13 2 8 38 3 7 14 20 3 1 12 22 0 2 3 7 8 9 9 84 1 5 20 22 12 9 8 14 20 22 96 54 26 18 49 92 50 47 98 83 17 24 45 53 4 13 22 134 62 141 66 230056 17 16 59 66 11 8 38 51
73 AAG 96 110 228532 156 7 22 171 7 32 16 188 21 14 9 111 11 6 11 178 6 6 18 139 13 2 7 77 3 5 6 47 5 10 8 202 17 10 9 123 2 48 24 331 35 6 7 105 8 8 6 116 8 8 4 75 8 14 12 132 15 8 1 77 3
74 ATG 0 0 45 0 3 0 82 0 4 6 104 2 58 16 231182 149 0 0 5 0 2 0 20 0 0 0 2 0 3 0 71 3 0 0 25 1 0 0 13 1 9 3 116 2 4 0 146 1 1 0 14 0 0 0 9 0 4 1 19 1 2 0 50 0
75 ATG 3 3 45 1 1 0 80 0 11 10 158 11 87 10 229785 122 0 2 24 1 0 0 29 0 0 0 48 4 3 0 84 0 0 1 56 2 0 2 45 0 10 16 236 19 4 0 184 2 0 0 25 2 0 0 17 1 10 6 76 12 1 1 70 1
76 CTG 0 0 10 1 1 1 24 2 0 1 31 1 2 1 104 4 6 12 141 15 64 89 481 34 6 14 151 13 150 99 230110 125 1 1 22 0 0 2 25 1 6 5 113 4 0 2 74 2 0 1 8 1 1 0 13 0 2 0 31 4 0 0 142 0
77 GAA 173 23 13 6 20 25 6 3 22 15 31 4 12 8 5 4 165 27 4 4 50 118 2 3 25 2 19 5 17 10 8 1 229069 165 108 30 139 238 49 33 159 68 293 71 80 68 76 21 192 42 11 2 100 125 8 9 27 3 17 10 22 23 7 0
78 CTT 3 2 18 22 5 4 21 17 3 4 29 39 9 5 50 132 15 25 38 113 58 155 38 288 28 40 117 93 128 308 104 229581 10 9 32 31 0 3 6 17 49 14 137 87 36 19 95 111 2 2 12 13 7 6 14 15 14 15 48 32 14 7 37 152
79 GAT 0 3 31 91 2 0 12 6 14 6 87 26 5 6 28 4 1 3 14 30 0 3 2 9 10 3 57 26 1 3 8 4 66 130 256 228929 35 55 125 125 128 109 495 176 37 31 108 9 6 1 39 156 1 1 6 9 25 5 76 31 1 0 17 2
80 CCA 8 4 3 4 130 12 23 17 18 4 14 5 9 2 13 4 170 29 33 11 228340 1481 242 260 35 19 37 17 120 26 31 8 23 3 17 1 47 13 70 15 19 4 16 3 13 2 15 0 17 2 13 1 117 12 29 10 23 3 23 2 6 0 5 3
81 CCA 8 1 12 4 137 10 54 18 17 12 11 4 23 4 11 7 126 14 25 13 229195 598 173 187 74 32 84 20 103 12 52 20 49 6 24 9 126 25 104 39 53 19 37 13 54 7 23 8 15 5 11 6 130 13 45 12 28 8 28 6 16 1 24 13
82 TTT 8 27 4 44 18 41 10 47 13 25 13 29 37 64 20 139 14 39 7 91 52 138 20 144 18 20 4 19 51 139 12 265 17 27 24 62 9 19 10 62 33 44 38 93 28 53 36 157 26 53 23 107 105 187 36 212 44 48 28 93 153 292 84 226915
83 GGG 2 2 36 2 4 4 45 3 14 22 285 15 0 0 14 3 2 2 30 2 4 8 49 2 12 21 286 25 2 1 38 0 34 33 361 23 48 69 352 49 337 317 227604 247 30 65 361 49 2 4 37 3 3 8 36 3 15 17 370 21 2 1 37 1
84 GAC 1 150 4 5 3 59 10 1 6 30 12 2 1 18 2 0 0 137 2 1 2 218 1 0 0 24 18 4 0 11 1 0 118 228712 157 139 25 406 69 28 93 295 423 118 19 72 62 21 3 194 8 2 0 208 3 3 2 26 6 4 0 8 0 0
85 TCT 5 1 3 5 11 4 29 57 7 5 20 40 7 1 13 14 5 4 4 9 15 22 21 281 3 14 26 19 7 14 12 11 45 22 125 67 41 16 99 109 91 77 173 154 30 29 69 72 16 13 25 125 87 186 107 229457 24 22 78 109 6 10 26 90
86 TAC 6 200 21 14 7 86 15 10 13 51 19 6 6 28 10 9 9 517 3 7 4 317 3 4 6 62 7 6 6 42 3 3 43 99 45 38 31 58 26 8 103 139 59 33 34 30 26 20 98 228774 87 154 19 636 17 14 41 210 103 36 16 144 34 21
87 ATT 4 1 5 16 3 8 7 39 1 6 21 31 14 38 27 229382 0 0 0 5 0 0 1 5 1 2 1 2 2 2 0 31 0 3 5 9 1 3 4 4 0 7 4 16 1 4 16 58 1 1 1 4 1 1 3 0 0 3 3 4 2 4 4 27
88 GTC 0 1 0 1 0 2 3 0 4 8 4 3 0 54 1 1 0 1 0 0 0 1 0 0 2 9 3 3 0 17 0 0 18 60 30 29 15 117 14 20 115 235 207 98 245 229501 98 122 2 3 3 0 2 1 1 0 3 17 3 2 0 84 1 0
89 ATA 110 111 36 44 322 208 26 61 85 39 77 26 228341 220 193 96 45 43 8 23 157 73 11 17 20 23 20 11 255 88 17 22 33 4 37 9 32 36 15 3 71 9 100 25 126 27 67 28 28 25 13 20 50 75 12 3 39 22 30 15 74 34 34 20
90 GGA 5 2 4 3 15 22 3 1 197 16 30 7 7 10 2 4 7 23 4 0 12 14 5 0 206 38 19 9 8 206 2 4 173 33 51 16 161 84 36 13 229089 246 512 181 230 156 24 29 6 21 2 3 13 83 3 1 207 26 30 2 9 38 3 0
91 GTC 16 22 4 6 3 54 0 4 36 54 17 12 4 228 7 7 7 21 1 2 2 293 7 6 11 34 5 7 2 378 0 6 88 223 143 66 41 615 36 42 188 480 439 130 367 226540 356 334 8 22 6 1 8 75 13 8 17 40 14 9 9 256 7 5
92 GGG 2 1 11 1 2 0 13 1 2 9 275 10 1 0 9 1 1 1 13 1 0 6 4 0 4 11 123 12 0 1 12 0 12 19 246 13 8 19 182 20 228 163 228530 284 10 18 336 13 1 2 6 0 1 0 3 1 5 4 213 5 0 0 6 2
93 GAG 22 43 272 29 20 33 175 17 62 63 289 102 17 15 108 20 40 80 321 56 55 171 435 32 37 47 251 42 21 14 118 6 211 247 221969 271 150 332 547 140 338 320 1624 383 142 137 537 133 43 52 312 43 88 185 263 44 54 56 276 79 18 12 152 26
94 AAG 163 148 224837 166 25 46 207 38 104 81 435 82 33 25 185 45 27 53 298 43 32 80 286 29 11 21 108 7 7 17 109 14 64 39 509 79 44 28 257 34 177 150 1177 168 55 37 344 55 41 18 208 22 18 30 116 19 46 45 343 44 24 19 155 14
95 AAG 156 252 221203 214 36 104 393 29 70 88 705 115 28 27 277 52 44 91 451 61 88 345 765 59 24 52 491 44 18 33 214 23 49 26 677 64 26 29 454 8 165 114 2192 123 30 17 456 19 9 18 208 17 14 27 163 16 32 27 456 44 7 6 179 7
96 ATC 12 162 42 31 23 568 46 19 54 158 251 89 183 223364 109 155 8 120 20 12 23 884 28 20 37 122 83 41 20 463 30 15 29 55 117 50 40 104 107 42 134 259 269 119 68 181 111 88 11 44 46 15 23 120 63 17 65 77 74 60 25 138 66 35
97 ACC 13 132 41 14 160 226221 133 170 54 79 176 76 24 144 88 49 11 49 14 9 45 1444 40 26 17 47 70 19 9 22 8 9 38 63 107 46 84 279 207 87 110 170 295 139 51 70 75 37 12 23 37 12 42 237 73 27 30 29 57 32 23 23 26 13
98 CAC 26 307 65 32 63 130 77 22 35 45 44 30 27 49 62 23 332 222587 203 272 220 1692 124 140 125 172 348 140 104 435 126 60 85 164 152 63 100 67 121 61 156 174 362 151 89 92 112 71 36 196 104 58 46 138 46 19 82 47 176 76 33 44 75 30
99 CAC 28 162 30 24 19 30 18 14 31 66 4 26 14 39 8 11 160 195786 103 177 34 532 25 27 97 239 45 100 30 186 42 34 64 124 65 76 30 52 8 19 51 178 5 48 28 77 10 27 43 149 44 40 12 27 2 6 56 73 6 27 19 41 5 15
100 TGG 13 10 107 17 7 5 67 8 78 39 395 84 17 6 102 15 14 15 96 16 14 5 62 7 40 47 436 71 13 5 72 14 39 26 259 48 31 20 217 31 229 161 1089 278 60 45 218 48 27 16 216 29 21 2 125 12 250 155 192976 273 30 13 295 40
101 CAC 15 176 9 14 39 257 15 34 20 36 25 12 8 78 6 4 245 192547 102 242 136 2002 139 182 56 419 60 40 37 444 68 66 22 94 41 19 29 108 19 20 18 86 39 16 9 50 11 8 10 176 16 18 18 210 7 21 10 35 18 8 9 58 4 3
102 AGG 13 13 129 19 9 3 157 26 126 51 197332 190 7 15 181 14 1 1 28 0 2 1 63 1 33 13 214 36 0 1 24 0 3 1 19 0 1 0 21 2 16 3 239 14 1 2 25 2 0 0 20 1 2 0 24 2 11 1 143 14 1 0 28 0
103 AGT 86 171 116 173 127 366 139 219 254 285 509 189435 77 150 62 210 42 174 57 96 143 643 113 204 137 209 182 206 46 135 44 52 94 92 180 108 74 146 150 99 313 198 782 378 82 99 135 123 49 91 94 47 50 213 105 130 94 38 247 164 45 92 60 73
104 GGC 17 34 34 16 6 73 19 13 45 287 131 69 9 38 19 13 14 30 18 6 3 65 13 9 38 240 93 37 11 33 19 7 55 281 108 73 42 163 52 23 336 193659 820 460 44 325 115 64 15 37 33 17 13 39 19 10 52 337 189 90 12 39 28 16
105 AGC 13 219 39 14 18 400 8 15 184 194225 234 202 20 217 28 15 9 132 14 5 14 338 7 7 30 396 53 32 12 110 8 2 18 60 45 24 51 76 29 46 124 421 335 182 22 68 27 19 12 15 13 13 3 18 6 9 46 203 137 87 5 23 4 2
106 ACC 8 107 6 11 107 197358 29 92 14 43 35 26 7 95 17 12 3 29 2 1 13 691 11 12 1 12 0 0 4 25 1 0 0 16 0 2 6 72 15 5 7 38 7 12 4 16 1 2 2 6 1 3 10 119 8 4 2 10 3 2 1 12 3 2
107 ATT 27 31 44 76 47 98 37 117 44 22 122 98 83 150 101 196305 19 13 19 47 20 67 10 66 15 7 26 29 38 67 21 136 12 16 52 64 13 14 11 13 24 27 127 121 34 38 59 152 14 12 24 35 21 12 15 29 41 9 36 53 21 25 43 103
108 GGA 8 2 12 1 5 0 4 1 139 8 158 29 12 1 11 3 9 1 15 2 3 0 6 0 83 7 124 25 12 4 13 0 239 59 181 59 76 9 41 30 194930 282 1097 374 218 69 167 80 11 4 6 2 4 8 11 3 213 6 224 39 13 6 19 2
109 AAA 198813 29 126 25 16 4 7 7 52 5 44 9 21 4 8 8 8 3 2 1 1 0 1 0 8 1 1 1 3 1 2 0 60 0 32 6 5 0 3 1 24 2 21 6 11 1 2 1 28 2 6 3 4 1 1 0 25 1 4 4 5 0 3 0
110 GCA 7 0 3 3 120 4 22 5 14 9 14 6 8 2 3 1 12 3 10 12 148 41 6 4 19 21 15 2 5 1 5 0 103 28 66 31 197278 153 199 70 128 34 198 86 109 28 146 51 4 0 4 1 156 7 23 3 16 23 11 3 7 0 3 0
111 TTT 17 17 37 30 9 15 33 30 41 11 125 69 33 30 71 73 15 9 34 45 16 32 26 38 33 4 96 50 31 27 55 137 49 43 152 93 35 33 15 46 132 19 353 184 82 56 201 194 37 36 89 91 35 94 75 99 85 34 211 158 87 158 174 194777
112 GAA 150 10 18 8 19 23 11 0 49 7 51 9 29 20 10 17 77 15 9 2 33 47 6 3 34 23 26 10 13 16 11 5 195433 206 311 94 188 151 66 21 327 87 566 132 127 100 187 71 135 45 29 5 76 139 17 6 59 26 59 18 19 48 13 10
113 GCC 5 14 2 1 3 173 11 8 7 27 6 8 1 10 1 5 3 13 3 1 8 395 9 3 7 10 2 1 2 8 3 1 52 157 96 48 203 196440 174 156 71 232 152 123 39 216 80 67 3 14 0 2 5 232 7 7 3 15 10 5 1 8 3 4
114 ACT 14 11 25 126 91 283 81 196112 30 23 71 84 25 16 35 103 4 7 11 23 34 64 28 190 10 6 20 19 11 3 9 19 16 17 37 57 45 25 63 123 26 24 74 122 13 19 28 63 22 5 17 22 13 8 18 26 9 3 23 28 18 4 13 21
115 GTG 32 24 142 27 49 21 167 25 63 54 245 91 53 55 248 41 17 11 94 16 34 38 204 23 7 14 60 15 45 50 249 31 94 128 510 110 165 215 431 159 212 131 1262 240 239 278 190267 400 41 19 164 29 35 57 187 40 90 59 245 98 38 36 331 31
116 AGA 187 83 44 39 155 121 53 23 194261 208 340 77 223 141 51 40 30 31 12 8 45 49 3 10 236 89 90 16 35 109 8 14 72 19 54 15 32 6 12 7 415 98 318 27 85 31 13 13 22 19 14 10 24 21 7 3 155 44 66 17 41 49 9 6
117 GGT 1 1 1 0 0 3 0 5 6 7 46 134 0 0 3 3 1 3 0 2 0 5 0 6 5 11 19 57 0 1 1 1 16 15 57 103 2 27 22 83 168 254 988 195859 12 32 79 159 0 3 2 1 0 1 0 3 6 13 51 186 2 1 1 8
118 GCC 9 8 11 3 8 293 8 7 17 24 12 7 7 15 3 2 5 16 4 7 12 415 18 11 11 16 11 6 4 12 7 1 45 174 91 68 207 195235 183 163 120 308 269 192 48 240 118 84 2 9 9 3 2 184 6 8 6 50 21 11 0 9 4 0
119 AAG 101 135 196031 185 13 31 159 8 30 16 176 19 1 2 22 4 16 42 215 14 30 65 234 15 9 18 84 12 9 2 72 4 27 5 245 31 24 6 153 10 33 21 400 28 3 8 99 2 11 14 123 8 10 13 101 4 15 9 167 19 4 7 69 5
120 AGA 193 53 38 24 159 116 29 29 195786 138 277 121 168 89 29 47 59 18 13 5 80 34 14 3 177 67 57 33 56 75 11 11 21 24 45 8 21 30 15 3 219 16 286 62 22 17 12 3 20 7 9 3 32 29 5 1 108 29 75 15 37 38 12 4
121 ATG 9 4 93 9 21 9 138 8 25 22 252 45 95 44 196678 153 7 2 48 4 1 1 27 5 6 6 73 6 3 1 78 2 5 2 92 7 6 5 97 7 41 48 351 56 15 10 161 21 4 3 49 11 14 5 55 6 19 38 162 61 10 11 58 10
122 GCA 3 0 1 1 175 21 10 4 7 4 7 1 4 1 1 1 5 9 7 4 372 111 7 12 2 8 2 0 3 6 0 1 101 12 23 17 197168 224 185 81 84 16 82 27 105 10 56 19 3 0 2 0 181 42 13 4 5 14 2 1 3 1 1 1
123 GTC 6 25 2 3 0 62 2 3 12 27 19 13 4 193 3 7 3 26 4 0 3 297 6 5 6 32 7 8 6 180 0 4 39 190 58 33 36 399 56 54 145 283 282 101 193 195240 192 164 4 22 4 1 2 100 8 10 13 38 17 11 4 198 6 2
124 TTG 6 6 61 5 5 8 50 2 19 11 104 12 14 10 140 11 8 5 63 4 7 16 97 3 7 6 91 1 13 14 184 13 18 11 122 20 6 2 65 14 33 23 284 39 17 11 231 21 17 9 103 15 12 14 80 14 22 12 237 21 96 69 196177 196
125 GGA 16 14 12 12 23 24 11 0 148 53 73 46 17 51 19 12 21 32 11 12 24 81 21 4 149 75 52 24 32 183 7 13 123 78 87 47 92 110 78 30 194419 243 844 302 182 117 89 53 14 45 10 14 28 102 19 10 152 73 47 32 37 58 13 11
126 GAC 12 167 6 18 17 107 17 19 27 33 72 35 10 31 14 9 7 220 13 10 2 237 2 5 11 41 23 13 6 56 9 3 225 194448 158 186 53 327 52 52 172 213 544 206 60 155 149 85 8 229 29 24 8 162 15 13 34 61 59 22 15 60 16 12
127 ACA 229 94 92 48 192224 520 343 216 116 46 160 65 163 72 105 51 42 86 34 23 601 533 122 195 65 39 49 22 57 38 36 18 66 56 135 53 283 117 189 85 120 32 192 89 57 35 120 38 27 39 71 33 224 106 83 52 59 24 98 40 46 15 44 26
128 GCC 16 24 5 12 37 470 21 34 33 64 30 26 13 27 14 13 6 46 10 10 33 893 13 41 23 68 22 21 10 43 8 8 71 213 103 113 243 193364 198 266 162 282 281 247 69 204 117 100 15 37 6 8 21 442 25 27 29 85 36 39 9 37 4 13
129 TGG 10 10 83 9 12 10 78 9 44 67 373 57 15 17 92 13 9 26 130 13 23 40 149 21 88 150 542 103 12 26 111 12 24 36 179 30 23 21 192 25 120 138 1131 133 33 36 132 48 31 30 197 39 34 24 177 31 253 155 192198 205 32 33 255 31
130 GAC 15 284 46 18 25 219 46 29 39 57 71 35 13 45 22 6 10 402 24 15 20 768 13 22 19 60 21 9 6 86 0 4 132 191764 283 308 64 510 50 55 172 175 411 231 81 244 146 94 24 294 46 22 14 413 17 17 42 83 63 33 12 109 11 12
131 TTT 19 13 39 41 13 11 23 34 39 25 28 61 25 43 65 78 20 18 15 45 8 24 26 36 30 25 70 70 33 39 57 123 25 66 127 122 22 47 100 79 38 62 232 199 42 63 223 195 45 35 101 94 28 46 78 93 90 92 227 217 96 139 252 193827
132 GGA 4 2 0 2 3 4 0 0 133 12 21 4 7 3 0 1 5 1 0 3 2 2 0 0 77 10 27 2 4 0 0 0 189 20 32 49 101 38 33 13 196717 182 576 230 232 50 52 18 4 2 0 0 5 1 1 1 174 9 47 3 3 2 3 3
133 TCA 7 5 16 2 199 65 21 23 22 9 13 8 15 26 11 7 26 36 20 14 499 367 57 82 17 16 7 10 35 35 12 7 32 16 36 13 150 34 80 38 65 7 43 10 37 13 27 15 157 39 33 26 195074 290 210 132 55 27 46 27 128 36 60 28
134 GTT 8 5 19 34 7 13 9 23 15 4 40 61 12 36 26 143 7 4 5 18 11 41 0 39 10 1 19 30 22 94 16 193 44 30 146 152 60 72 53 184 136 58 373 341 164 222 364 194855 2 11 14 37 11 23 6 52 18 8 46 65 22 39 44 201
135 GGA 99 144 83 31 148 298 78 47 246 152 283 147 87 174 74 53 161 269 98 67 160 579 107 67 314 150 314 132 141 360 77 67 294 265 251 141 312 426 258 114 185034 532 1674 517 306 311 334 169 108 161 89 67 141 340 101 80 284 190 374 152 89 162 99 61
136 GGC 9 20 8 3 5 88 4 3 24 216 95 40 5 18 8 5 2 48 4 2 5 203 2 4 11 323 42 6 1 69 0 2 43 169 79 52 25 272 48 14 467 193423 1423 531 41 196 88 32 7 24 5 3 2 90 5 2 21 223 96 32 5 43 9 3
137 GCT 12 6 44 31 20 34 19 219 26 21 108 63 4 1 28 22 3 1 18 20 26 83 15 226 24 15 53 44 9 6 9 22 79 67 234 232 196 313 402 192907 249 119 916 520 95 33 246 215 7 2 17 21 21 23 28 183 14 29 80 61 8 7 6 26
138 CTC 40 45 76 52 25 96 56 35 92 23 199 84 72 283 113 81 66 427 118 86 96 1065 85 136 165 309 314 161 221 188254 179 204 136 119 213 126 66 36 124 71 347 248 710 357 200 238 298 188 56 50 88 46 48 117 74 45 172 54 288 116 70 243 133 103
139 AAC 167 188126 222 152 109 470 120 99 165 248 502 148 80 192 110 67 43 431 88 54 62 777 76 106 67 141 131 56 34 304 58 37 160 288 347 152 34 178 21 21 308 334 809 227 96 146 170 94 65 219 134 66 36 325 59 50 124 183 327 93 43 128 82 36
140 TCA 73 17 54 24 119 26 89 42 107 24 61 43 57 23 30 24 45 14 21 16 133 38 25 22 77 19 34 20 42 11 15 8 219 58 126 77 190 26 106 84 326 97 196 171 165 49 44 65 216 50 64 51 193124 172 149 121 194 73 120 97 120 44 42 53
141 TTG 12 11 96 20 20 4 75 11 54 29 220 37 27 14 209 27 12 8 104 13 21 21 158 6 17 14 119 22 21 19 234 19 56 29 243 29 26 7 157 18 104 66 651 74 46 39 388 36 41 26 202 30 58 47 276 37 66 46 431 63 141 148 193201 214
142 GGC 16 54 16 12 18 159 11 6 72 328 148 47 6 85 11 8 9 73 13 7 2 22 1 0 28 333 74 38 6 141 4 3 107 337 203 96 89 250 148 80 590 190934 1328 689 102 346 214 114 15 105 21 7 12 213 13 9 67 330 224 70 10 121 19 5
143 AAG 159 132 192302 215 24 41 216 24 75 41 587 68 27 34 229 29 17 11 152 16 13 17 102 3 13 6 154 5 6 8 70 0 27 26 530 45 6 11 224 13 26 26 980 74 15 18 259 18 26 15 232 12 15 4 103 8 36 23 331 32 12 5 142 4
144 GGC 5 19 5 3 4 81 7 1 31 318 181 63 5 28 10 2 3 39 2 1 2 29 1 0 15 232 122 27 0 41 2 1 79 288 206 94 55 266 111 56 621 190753 1770 832 97 278 224 86 4 33 9 2 7 103 3 0 46 375 220 66 3 42 9 2
145 ATC 49 99 126 38 33 248 83 33 130 165 560 131 176 189848 208 228 6 53 24 18 12 175 19 12 28 50 91 18 17 193 32 14 96 101 276 101 65 70 193 57 336 337 1272 365 140 200 364 178 33 37 87 43 28 59 57 36 90 47 265 98 50 135 68 66
146 CAT 29 7 111 174 16 0 38 36 35 1 218 112 21 15 41 46 74 217 141 193277 20 44 31 149 54 19 245 99 18 21 46 56 59 7 290 177 8 0 30 31 102 10 646 382 30 7 99 95 40 9 135 139 10 1 19 24 38 5 254 146 14 2 42 48
147 CAA 193 14 53 23 27 0 15 7 88 8 15 10 33 3 20 10 196482 58 137 61 68 19 30 17 155 28 81 65 64 16 64 28 130 8 59 20 15 0 9 1 142 5 35 16 49 3 21 10 99 11 74 18 21 2 12 7 108 5 34 17 38 5 18 3
148 ATT 24 5 39 116 6 2 19 45 39 11 93 103 36 47 89 197150 1 0 6 15 0 0 0 2 0 0 4 14 1 1 3 50 6 9 19 45 7 1 6 19 7 7 37 100 16 11 51 96 3 0 6 18 1 0 5 10 2 2 6 23 8 6 32 86
149 TTT 18 12 39 30 6 12 34 21 47 9 120 60 17 22 70 78 16 10 27 36 9 16 18 39 21 3 50 30 17 15 20 77 59 42 108 59 26 17 9 30 140 15 254 141 50 43 110 108 30 21 99 84 33 45 61 100 90 17 222 115 90 120 193 195039
150 GGA 14 2 10 2 11 6 6 1 140 2 104 23 6 6 10 2 10 2 13 1 5 7 2 4 59 6 70 16 7 39 7 3 130 33 155 43 80 39 15 18 194339 80 761 242 256 87 117 31 7 17 14 3 6 60 5 4 147 8 212 19 7 17 5 1
151 GCA 2 0 0 0 65 0 6 0 4 97 0 0 1 0 0 0 1 0 37 1 20 2 0 0 1 2 2 0 4 0 0 0 133 9 36 15 196106 54 278 66 160 17 113 28 136 5 82 19 2 0 1 0 46 2 3 1 2 3 3 0 0 0 0 0
152 GCT 0 0 1 5 2 0 2 83 3 107 11 19 2 0 4 11 0 0 0 2 2 3 0 41 1 7 5 14 2 0 1 50 37 23 102 140 89 187 185 196011 75 41 361 289 37 13 104 211 0 1 1 2 3 0 2 85 2 5 20 18 0 5 0 4
153 TTC 31 30 43 24 14 25 32 15 98 118 129 63 22 82 47 31 21 33 35 9 10 67 13 6 61 78 77 23 23 115 31 16 117 101 166 92 68 50 71 33 334 333 639 227 128 157 178 79 44 74 87 42 44 223 87 21 144 131 304 109 160 189972 178 132
154 AAA 187845 70 173 67 52 21 85 24 177 13 377 109 79 22 134 36 70 7 72 21 28 4 22 6 84 9 123 28 20 4 27 13 194 74 322 113 79 9 40 17 386 41 724 183 131 15 193 67 68 16 120 55 30 7 40 8 118 4 217 48 52 10 79 18
155 TCA 14 0 9 0 32 2 28 2 8 1 5 4 8 0 5 1 1 1 3 1 17 2 3 1 4 0 3 0 1 0 1 0 57 8 21 6 60 3 47 21 59 13 16 7 31 6 12 1 163 2 14 8 192072 20 90 38 59 13 27 12 110 2 34 4
156 TTG 0 0 19 0 0 0 6 0 0 0 32 1 1 4 82 66 0 1 8 38 0 0 8 0 0 1 14 0 0 0 52 0 0 1 61 0 0 0 38 0 0 2 95 3 1 0 146 2 0 0 49 2 3 0 47 1 0 5 71 92 30 13 195118 68
157 TTT 5 3 9 14 1 0 5 5 24 13 29 41 12 7 27 36 2 0 6 4 1 1 1 7 3 2 3 3 2 2 1 36 22 18 79 43 21 5 28 25 80 39 157 148 38 12 98 188 21 11 43 25 8 5 18 36 50 43 99 70 41 35 96 195835
158 GGA 8 1 14 1 6 3 5 1 127 15 112 25 5 6 8 3 9 2 8 6 3 4 3 0 48 15 83 9 0 23 7 2 120 33 160 49 76 30 130 25 192568 235 873 259 208 79 131 43 3 5 12 1 7 34 11 1 147 16 145 14 6 8 8 0
159 GGA 3 0 5 2 1 0 1 0 130 2 64 5 4 0 1 1 0 0 0 0 0 0 0 1 5 0 1 0 0 0 0 0 172 9 70 19 52 6 44 6 194265 177 850 219 154 28 55 15 6 1 0 0 0 4 1 0 136 3 41 0 0 1 0 0
160 ATG 9 1 135 8 7 1 128 5 36 14 349 35 85 19 193168 76 3 0 34 3 2 0 16 0 8 2 94 3 1 0 114 3 2 1 148 9 2 2 115 5 11 14 478 33 8 1 279 17 2 1 50 7 0 1 42 0 34 11 199 34 3 1 119 3
161 TCC 29 52 55 36 40 184 84 37 55 86 69 50 19 57 43 13 21 59 43 17 47 748 56 35 55 70 74 27 22 35 35 19 107 131 239 100 137 236 275 126 284 317 480 253 114 140 147 87 46 168 98 39 214 187442 155 136 93 146 202 101 68 151 101 59
162 TGG 5 2 68 1 0 0 31 1 29 18 350 34 1 0 57 2 0 1 57 1 0 1 30 0 16 24 351 31 2 3 54 1 9 7 177 9 1 7 143 10 92 110 1138 196 14 11 212 11 6 9 168 5 0 2 79 2 233 94 192918 192 8 3 224 7
163 TTC 11 16 26 8 2 15 15 2 44 51 99 24 14 24 53 16 10 12 9 9 7 78 13 4 31 47 60 19 19 149 28 6 50 28 150 38 35 43 84 36 123 229 494 162 65 112 212 64 19 39 58 14 21 127 59 18 57 97 181 60 164 193978 120 109
164 TCA 31 9 74 18 108 11 79 30 50 17 115 37 31 15 50 18 15 12 44 19 104 27 71 14 42 33 130 50 26 9 66 13 111 43 300 106 133 32 317 102 267 147 713 230 132 46 264 81 199 13 111 45 191495 84 142 64 110 42 266 73 111 29 116 56
165 CAA 122 7 42 11 19 1 10 4 50 4 40 8 24 0 13 7 192751 47 152 47 51 13 29 13 107 50 179 64 44 21 68 34 115 13 92 37 33 0 32 10 132 12 150 22 70 5 57 14 91 3 58 31 22 0 11 7 66 5 111 16 40 3 34 8
166 ATC 14 23 31 19 18 35 18 6 76 75 119 29 107 193089 65 84 0 6 0 1 0 1 0 0 4 8 6 0 2 21 6 1 11 30 5 8 4 9 8 3 76 92 53 21 25 68 45 17 4 8 4 3 3 5 6 1 8 13 4 4 12 31 12 3
167 CTC 13 18 16 9 11 14 4 9 36 29 30 12 16 122 30 21 33 77 27 26 20 148 31 19 108 79 124 78 116 193096 77 85 23 41 35 22 15 42 15 13 148 142 53 39 28 107 30 38 14 25 13 9 13 14 15 12 85 44 36 27 4 98 9 14
168 ATT 20 2 74 66 22 30 36 93 66 41 204 79 72 85 128 193915 10 5 24 32 7 10 28 23 19 15 39 23 10 26 35 78 47 21 105 73 32 16 51 58 103 60 246 167 49 48 114 152 13 6 40 37 20 13 19 28 43 38 96 69 23 28 76 84
169 GGA 28 9 30 17 12 8 19 2 218 14 168 41 25 3 32 9 19 5 17 3 7 7 16 6 127 21 101 25 19 10 14 7 267 64 186 89 143 58 118 44 192396 313 1055 404 305 96 221 78 27 9 35 14 17 22 28 6 244 24 226 49 22 11 28 10
170 ACG 25 23 249 23 147 65 193021 133 63 16 383 57 23 20 285 29 14 15 85 8 27 17 294 6 58 35 170 62 8 6 81 8 11 29 190 20 24 7 239 9 49 24 503 63 17 17 235 18 10 15 122 8 17 6 153 17 31 9 193 31 7 11 106 10
171 TTG 16 11 119 14 9 4 78 10 43 33 256 51 19 6 153 11 10 7 84 14 3 20 100 5 26 23 177 19 12 11 172 13 34 21 255 36 15 10 239 25 125 88 751 129 56 29 357 34 31 19 152 20 17 21 189 8 67 68 380 69 110 75 192988 124
172 CTG 16 15 163 24 22 20 137 37 85 56 369 61 54 47 302 59 107 88 302 113 182 214 746 119 145 153 530 140 200 159 188032 195 46 36 283 59 68 50 327 84 223 137 968 179 105 69 473 85 14 24 157 26 26 24 126 37 106 96 406 93 42 16 294 25
173 ATG 48 24 260 50 70 64 282 45 164 66 639 138 184 135 189652 179 21 22 155 18 41 67 227 25 22 10 212 23 59 65 296 37 51 11 392 67 22 17 239 24 153 67 1069 160 88 30 943 93 15 18 187 23 19 14 154 4 81 30 349 54 37 12 252 31
174 TGG 9 1 112 8 9 1 51 3 99 38 562 105 7 10 130 5 1 10 92 6 3 8 55 4 55 92 535 91 1 5 97 12 43 18 337 32 12 5 235 14 326 186 1430 381 33 19 391 25 30 31 289 28 14 12 201 13 299 233 190073 322 31 14 329 26
175 TTG 13 11 108 10 19 13 90 7 45 28 373 52 19 15 190 20 14 14 95 10 21 21 132 18 28 20 206 32 13 12 227 19 55 36 354 46 29 42 320 33 130 145 1101 127 67 51 680 96 35 25 209 28 36 41 228 31 88 67 579 94 130 76 191007 143
176 GGT 7 4 15 24 1 8 13 18 39 40 236 257 4 4 30 12 1 3 4 11 2 12 4 14 31 46 182 198 1 2 8 16 53 40 281 209 24 91 180 159 429 423 1954 190805 68 84 296 245 3 3 20 17 2 9 8 22 38 43 245 268 4 2 17 9
177 CTG 3 1 47 0 0 1 30 0 4 0 151 0 4 0 311 6 19 5 200 8 24 18 358 28 33 10 491 44 137 42 194088 176 1 0 58 1 1 0 45 0 4 0 408 5 1 1 381 5 4 0 51 0 0 0 45 3 7 2 208 6 3 0 311 5
178 AAC 116 195849 97 122 12 78 26 13 53 133 88 72 19 50 30 10 4 59 4 3 1 63 2 0 5 17 8 10 4 12 1 1 45 88 87 55 19 30 24 12 72 171 65 53 17 42 21 15 14 40 16 19 2 16 10 0 31 53 8 6 12 23 5 2
179 ACA 139 21 59 27 193920 107 159 68 127 29 121 49 84 25 102 32 30 13 23 5 184 34 21 19 40 7 32 8 20 8 21 4 82 21 85 16 167 22 253 86 207 43 155 50 81 23 61 23 31 14 34 12 81 14 54 16 46 8 52 11 27 1 18 6
180 AAG 121 23 194343 109 12 4 99 8 52 41 398 66 14 12 166 22 5 0 106 2 2 1 23 0 5 4 183 6 2 0 68 2 23 8 358 26 15 2 144 5 32 29 636 54 13 2 161 6 11 2 106 16 3 0 57 1 14 11 237 17 12 2 151 6
181 AAT 53 36 124 195875 9 6 23 32 35 25 163 105 19 18 58 45 4 3 15 42 1 3 1 7 2 2 24 16 2 1 7 9 27 8 125 116 5 2 16 22 32 17 110 102 10 5 14 45 13 1 46 36 1 2 4 2 4 2 10 11 4 3 12 22
182 GGA 2 0 0 2 1 0 0 0 94 0 33 2 1 0 1 0 0 0 0 0 0 0 0 0 20 0 23 0 1 0 1 1 106 4 55 10 30 3 51 4 195253 115 764 192 142 5 69 8 0 0 0 1 0 0 1 0 147 0 41 2 2 1 2 0
183 TCT 2 0 1 9 3 1 36 24 0 2 5 9 0 5 1 3 1 0 5 11 1 3 13 50 4 1 14 18 2 2 3 2 30 22 95 124 66 15 187 129 34 23 109 248 7 15 30 56 21 5 55 135 48 77 132 196632 35 12 111 125 11 6 39 98
184 ATT 6 2 17 36 2 1 6 47 8 21 93 102 13 107 57 198063 0 1 0 8 0 0 0 3 0 1 2 4 2 2 2 13 6 8 16 37 2 3 7 29 5 11 68 124 11 6 35 146 0 0 5 10 1 0 3 2 0 6 12 24 3 3 16 45
185 TCC 27 30 47 14 21 67 75 20 23 43 42 18 14 22 26 13 14 25 27 17 14 166 42 21 18 44 35 19 16 28 20 8 63 94 156 33 54 147 129 68 112 166 130 79 57 63 59 44 37 108 89 28 148 195381 154 104 69 113 131 63 31 113 83 32
186 CTT 3 2 7 12 1 0 10 9 6 2 15 17 7 6 26 166 18 15 39 38 11 11 36 65 75 74 128 129 33 93 85 197238 12 8 13 20 10 2 9 16 24 18 55 74 25 14 49 96 1 0 10 12 6 3 9 12 15 22 35 47 10 7 21 80
187 ATG 26 17 119 26 21 18 197 29 90 62 383 109 63 46 192793 114 17 14 86 23 13 8 80 13 46 44 239 44 18 11 183 19 46 19 265 59 39 15 205 19 126 82 622 174 72 40 478 74 23 16 123 22 28 12 119 17 90 55 290 96 24 18 184 32
188 TGC 15 34 20 9 5 11 9 3 155 188 288 160 7 27 39 5 4 18 10 7 0 1 1 0 79 176 192 83 7 8 12 2 47 78 99 66 26 20 46 34 314 353 725 400 61 132 149 31 45 122 113 42 23 64 51 31 343 192439 603 369 28 132 82 34
189 TTG 3 0 41 5 8 2 51 3 4 4 114 11 7 1 136 2 7 2 51 6 6 0 46 2 10 2 129 3 2 8 141 6 4 8 212 15 3 12 188 9 3 21 583 36 6 21 325 14 11 4 148 12 18 3 162 4 41 20 373 16 90 22 195281 119
190 GCC 8 25 24 7 22 585 25 18 25 50 25 27 10 27 9 4 5 14 9 6 27 1097 22 16 12 30 19 16 6 33 5 5 104 232 139 79 197 191009 204 174 196 243 266 171 84 217 114 78 8 27 5 9 17 558 29 10 23 51 25 9 8 15 8 4
191 TTA 86 32 37 34 54 28 26 24 121 38 68 46 161 64 82 60 31 21 28 8 21 12 9 6 47 7 35 16 124 21 38 16 92 51 155 97 80 84 72 36 155 43 115 81 172 90 83 119 165 57 99 83 193 37 79 54 236 78 184 80 194388 155 247 172
192 GGG 10 2 85 6 7 5 35 4 43 15 531 42 8 3 68 9 5 1 46 4 4 7 36 5 18 28 362 24 3 4 42 6 57 14 484 52 31 21 342 41 495 175 193147 567 59 46 586 81 5 2 63 3 6 5 48 6 30 15 558 40 5 4 55 6
193 GGA 29 9 37 21 10 8 18 12 210 65 220 88 23 20 32 16 13 16 13 4 5 19 4 2 95 32 76 20 15 70 9 9 222 98 258 119 96 64 76 34 191292 312 1868 510 273 113 254 93 24 28 48 20 32 47 30 14 248 59 236 80 42 29 33 16
194 GTG 0 0 24 1 0 0 19 0 1 5 96 15 1 0 110 1 1 1 21 0 3 4 33 1 1 3 33 15 0 2 82 0 15 3 115 20 21 10 249 32 66 51 427 65 116 48 196528 121 1 0 24 0 0 0 17 1 8 21 64 27 2 0 135 3
195 TTG 7 2 99 3 0 2 72 3 13 15 251 25 10 6 189 10 6 1 66 5 8 7 106 8 5 10 191 20 11 4 218 8 27 14 342 26 18 8 283 10 146 99 1102 173 86 44 467 78 27 13 204 17 14 12 211 15 96 83 460 97 139 50 193111 203
196 ATC 38 37 62 18 29 111 25 10 91 111 238 60 163 194388 119 111 5 10 9 2 4 49 3 1 18 43 30 10 11 89 15 7 51 59 60 21 32 59 63 30 206 243 366 97 76 128 179 61 19 18 18 17 11 19 33 5 56 77 56 11 22 65 39 22
197 TTC 6 15 9 4 6 12 4 2 21 33 39 10 13 30 17 5 5 9 3 4 1 11 4 1 16 22 9 5 6 64 6 3 66 45 76 30 30 33 76 16 141 135 194 54 70 93 94 29 21 31 46 12 17 59 26 11 73 82 129 33 123 195908 105 60
198 TTA 31 11 22 19 8 1 17 9 23 7 87 31 31 8 62 17 14 5 29 10 6 4 14 4 29 8 51 21 70 6 29 8 77 41 123 68 55 21 89 24 138 52 314 139 106 25 188 58 30 10 61 32 69 4 48 18 58 25 160 44 195440 27 152 41
199 TCC 9 25 13 6 6 44 23 16 18 42 31 15 12 22 13 14 8 16 8 2 12 189 20 7 15 20 20 8 6 10 3 4 34 83 66 44 48 91 23 33 121 28 118 59 40 90 50 33 20 135 48 21 141 195485 95 104 57 83 90 67 25 111 58 28
200 ACA 157 16 89 24 195113 55 181 44 86 32 176 56 94 14 89 21 22 5 35 13 74 4 39 8 24 14 54 19 19 5 28 5 40 29 109 25 87 33 211 57 151 56 315 64 74 18 114 33 22 7 72 26 53 12 85 24 59 22 111 30 23 8 36 7
201 GCC 14 20 20 8 16 244 30 16 39 46 41 32 13 25 27 10 14 12 11 5 6 331 23 12 26 28 36 12 8 8 13 7 54 144 91 57 169 194120 177 131 146 225 339 191 59 188 142 82 22 27 15 6 5 184 13 19 34 38 37 28 17 15 9 7
202 GTC 12 13 24 19 8 24 7 7 56 41 67 42 15 132 24 14 2 10 9 2 0 16 4 0 32 24 51 37 11 46 9 6 97 85 157 58 34 124 49 25 305 321 769 301 244 192262 306 202 11 21 14 9 12 19 17 15 40 36 45 38 17 148 17 13
203 TCT 22 20 0 48 37 51 2 102 7 2 0 7 24 29 0 35 17 28 1 40 78 253 1 198 10 25 1 19 29 56 3 58 52 41 0 139 47 63 3 125 65 35 3 101 58 37 4 103 32 33 6 246 137 246 19 195798 44 26 5 109 43 62 9 121
204 GCT 30 18 48 43 34 43 19 161 25 57 84 103 18 21 40 57 16 6 25 23 38 80 36 182 17 40 37 62 18 28 49 29 116 24 209 322 296 512 203 193181 184 80 543 549 125 124 263 371 12 9 39 51 25 41 48 167 21 70 74 80 19 22 29 55
