# POSITION WT AAA AAC AAG AAT ACA ACC ACG ACT AGA AGC AGG AGT ATA ATC ATG ATT CAA CAC CAG CAT CCA CCC CCG CCT CGA CGC CGG CGT CTA CTC CTG CTT GAA GAC GAG GAT GCA GCC GCG GCT GGA GGC GGG GGT GTA GTC GTG GTT TAA TAC TAG TAT TCA TCC TCG TCT TGA TGC TGG TGT TTA TTC TTG TTT
1 AAG 73 2 361150 71 0 0 3 0 0 0 95 0 0 0 5 0 0 0 1 0 0 0 0 0 0 0 0 0 0 0 0 0 0 0 328 0 0 0 0 0 0 0 2 0 0 0 0 0 0 0 8 0 0 0 0 0 0 0 0 0 0 0 0 0
2 GGC 0 0 0 0 0 0 0 0 0 64 0 0 0 0 0 0 0 0 0 0 0 0 0 0 0 2 0 0 0 0 0 0 0 16 0 0 0 1 0 0 44 361134 2 87 0 34 0 0 0 0 0 0 0 0 0 0 0 53 0 0 0 0 0 0
3 GTG 0 0 0 0 0 0 0 0 0 0 0 0 0 0 43 0 0 0 0 0 0 0 0 0 0 0 0 0 0 0 4 0 0 0 3 0 0 0 67 0 0 0 17 0 39 4 361437 39 0 0 0 0 0 0 0 0 0 0 0 0 0 0 58 1
4 TCA 0 0 0 0 6 0 0 0 0 0 0 0 0 0 0 0 0 0 0 0 82 0 0 0 0 0 0 0 0 0 0 0 0 0 0 0 2 0 0 0 0 0 0 0 0 0 0 0 108 0 0 0 361495 1 15 8 3 0 0 0 97 0 0 0
5 TAC 0 4 0 0 0 0 0 0 0 0 0 0 0 0 0 0 0 60 0 0 0 0 0 0 0 0 0 0 0 0 0 0 0 3 0 0 0 0 0 0 0 0 0 0 0 0 0 0 51 361674 5 43 0 0 0 0 0 42 0 0 0 8 0 0
6 TCC 0 0 0 0 0 1 0 0 0 0 0 0 0 0 0 0 0 0 0 0 0 42 0 0 0 0 0 0 0 0 0 0 0 0 0 0 0 1 0 0 0 0 0 0 0 0 0 0 0 45 0 0 41 361472 2 52 0 2 0 0 0 17 0 0
7 TTG 0 0 0 0 0 0 0 0 0 0 0 0 0 0 13 0 0 0 0 0 0 0 0 0 0 0 0 0 0 0 48 0 0 0 0 0 0 0 0 0 0 0 0 0 0 0 10 0 0 0 3 0 0 2 48 1 0 0 31 0 22 6 361643 52
8 TGT 0 0 0 0 0 0 0 0 0 0 0 4 0 0 0 0 0 0 0 0 0 0 0 0 0 0 0 53 0 0 0 0 0 0 0 0 0 0 0 0 0 0 0 32 0 0 0 0 0 0 0 21 0 0 0 6 1 97 1 361594 0 0 0 56
9 ACC 0 36 0 0 85 361251 4 118 0 6 0 0 0 47 0 0 0 0 0 0 0 4 0 0 0 0 0 0 0 0 0 0 0 0 0 0 0 52 0 0 0 0 0 0 0 0 0 0 0 0 0 0 0 14 0 0 0 0 0 0 0 0 0 0
10 GCA 0 0 0 0 151 0 0 0 0 0 0 0 0 0 0 0 0 0 0 0 29 0 0 0 0 0 0 0 0 0 0 0 66 0 0 0 361196 9 41 17 3 0 0 0 54 0 0 0 0 0 0 0 65 0 0 0 0 0 0 0 0 0 0 0
11 GCG 0 0 0 0 0 0 23 0 0 0 0 0 0 0 0 0 0 0 0 0 0 0 6 0 0 0 0 0 0 0 0 0 0 0 80 0 38 4 361305 55 0 0 5 0 0 0 126 0 0 0 0 0 0 0 54 0 0 0 0 0 0 0 0 0
12 TTC 0 0 0 0 0 0 0 0 0 0 0 0 0 4 0 0 0 1 0 0 0 0 0 0 0 0 0 0 0 47 0 0 0 0 0 0 0 0 0 0 0 0 0 0 0 1 0 0 0 2 0 0 0 36 0 0 0 1 0 0 94 361260 4 80
13 ACA 44 0 0 0 361544 0 22 23 3 0 0 0 52 0 0 0 0 0 0 0 6 0 0 0 0 0 0 0 0 0 0 0 0 0 0 0 19 0 0 0 0 0 0 0 0 0 0 0 0 0 0 0 7 0 0 0 0 0 0 0 0 0 0 0
14 TTC 0 0 0 0 0 0 0 0 0 0 0 0 0 2 0 0 0 0 0 0 0 0 0 0 0 0 0 0 0 47 0 0 0 0 0 0 0 0 0 0 0 0 0 0 0 12 0 0 0 2 0 0 0 37 0 0 0 6 0 0 75 361561 3 101
15 ACC 0 51 0 0 60 361444 4 93 0 9 0 0 0 65 0 0 0 0 0 0 0 7 0 0 0 0 0 0 0 0 0 0 0 0 0 0 0 21 0 0 0 0 0 0 0 0 0 0 0 0 0 0 0 5 0 0 0 0 0 0 0 0 0 0
16 AAG 49 4 361660 47 0 0 2 0 0 0 38 0 0 0 7 0 0 0 4 0 0 0 0 0 0 0 0 0 0 0 0 0 0 0 32 0 0 0 0 0 0 0 0 0 0 0 0 0 0 0 12 0 0 0 0 0 0 0 0 0 0 0 0 0
17 ATC 0 5 0 0 0 63 0 0 0 7 0 0 56 361469 1 55 0 0 0 0 0 0 0 0 0 0 0 0 0 4 0 0 0 0 0 0 0 0 0 0 0 0 0 0 0 27 0 0 0 0 0 0 0 0 0 0 0 0 0 0 0 6 0 0
18 CCG 0 0 0 0 0 0 37 0 0 0 0 0 0 0 0 0 0 0 57 0 57 5 361216 56 0 0 9 0 0 0 56 0 0 0 0 0 0 0 1 0 0 0 0 0 0 0 0 0 0 0 0 0 0 0 39 0 0 0 0 0 0 0 1 0
19 GCT 0 0 0 0 0 0 0 72 0 0 0 0 0 0 0 0 0 0 0 0 0 0 0 9 0 0 0 1 0 0 0 0 0 0 0 44 53 64 10 360906 0 0 0 3 0 0 0 39 0 0 0 0 0 0 0 33 0 0 0 0 0 0 0 0
20 GAA 297 0 0 0 0 0 0 0 0 0 0 0 0 0 0 0 1 0 0 0 0 0 0 0 0 0 0 0 0 0 0 0 360912 2 20 3 5 0 0 0 38 0 0 0 9 0 0 0 79 0 0 0 0 0 0 0 0 0 0 0 0 0 0 0
21 ACA 81 1 0 0 361348 5 18 17 6 0 0 0 206 0 0 0 0 0 0 0 0 0 0 0 0 0 0 0 0 0 0 0 0 0 0 0 25 0 0 0 0 0 0 0 0 0 0 0 0 0 0 0 3 0 0 0 0 0 0 0 0 0 0 0
22 CTG 0 0 0 0 0 0 0 0 0 0 0 0 0 0 143 0 0 0 5 0 0 0 61 0 0 0 9 0 104 7 360950 41 0 0 0 0 0 0 0 0 0 0 0 0 0 0 12 0 0 0 0 0 0 0 0 0 0 0 0 0 0 0 250 0
23 CAC 0 54 0 0 0 0 0 0 0 0 0 0 0 0 0 0 56 361009 31 84 0 11 0 0 0 38 0 0 0 36 0 0 0 1 0 0 0 0 0 0 0 0 0 0 0 0 0 0 0 68 0 0 0 0 0 0 0 0 0 0 0 0 0 0
24 GGG 0 0 0 0 0 0 1 0 0 0 49 0 0 0 0 0 0 0 0 0 0 0 0 0 0 0 9 0 0 0 0 0 0 0 43 0 0 0 3 0 40 3 361318 38 0 0 25 0 0 0 0 0 0 0 0 0 0 0 61 0 0 0 0 0
25 ACA 85 0 0 0 361206 4 58 7 2 0 0 0 83 0 0 0 0 0 0 0 0 0 0 0 0 0 0 0 0 0 0 0 0 0 0 0 21 0 0 0 0 0 0 0 0 0 0 0 0 0 0 0 8 0 0 0 0 0 0 0 0 0 0 0
26 GTC 0 0 0 0 0 0 0 0 0 0 0 0 0 55 0 0 0 0 0 0 0 0 0 0 0 0 0 0 0 3 0 0 0 0 0 0 0 66 0 0 0 8 0 0 143 361101 6 114 0 0 0 0 0 0 0 0 0 0 0 0 0 66 0 0
27 ACA 68 0 0 0 360979 6 111 10 3 0 0 1 91 0 0 0 0 0 0 0 1 0 0 0 0 0 0 0 0 0 0 0 0 0 0 0 22 0 0 0 0 0 0 0 0 0 0 0 0 0 0 0 12 0 0 0 0 0 0 0 0 0 0 0
28 GTG 0 0 0 0 0 0 0 0 0 0 0 0 0 0 26 0 0 0 0 0 0 0 0 0 0 0 0 0 0 0 11 0 0 0 2 0 0 0 31 0 0 0 10 0 33 8 361372 46 0 0 0 0 0 0 0 0 0 0 0 0 0 0 51 0
29 GAG 0 0 33 0 0 0 0 0 1 0 0 0 0 0 0 0 0 0 5 0 0 0 0 0 0 0 0 0 0 0 0 0 59 1 361153 42 0 0 0 0 5 0 33 0 0 0 10 0 0 0 50 0 0 0 0 0 0 0 0 0 0 0 0 0
30 GTA 0 0 0 0 0 0 0 0 0 0 0 0 50 0 0 0 0 0 0 0 0 0 0 0 0 0 0 0 3 0 0 0 4 0 0 0 48 0 0 0 0 0 0 0 360822 2 86 5 0 0 0 0 0 0 0 0 0 0 0 0 44 0 0 0
31 CAG 0 0 68 0 0 0 0 0 0 0 0 0 0 0 0 0 46 2 360981 45 0 0 3 1 0 0 72 0 0 0 18 0 0 0 0 0 0 0 0 0 0 0 0 0 0 0 0 0 0 0 60 0 0 0 0 0 0 0 1 0 0 0 0 0
32 TAC 0 2 0 0 0 0 0 0 0 0 0 0 0 0 0 0 0 82 0 0 0 0 0 0 0 0 0 0 0 0 0 0 0 4 0 0 0 0 0 0 0 0 0 0 0 0 0 0 79 361171 5 119 0 2 0 0 0 31 0 0 0 14 0 0
33 GCA 0 0 0 0 72 0 0 0 0 0 0 0 0 0 0 0 0 0 0 0 8 0 0 0 0 0 0 0 0 0 0 0 37 0 0 0 360978 3 78 16 4 0 0 0 94 0 0 2 0 0 0 0 49 0 0 0 0 0 0 0 0 0 0 0
34 GGG 0 0 0 0 0 0 0 0 0 0 55 0 0 0 0 0 0 0 0 0 0 0 0 0 0 0 2 0 0 0 0 0 0 0 54 0 0 0 1 0 56 3 361073 69 0 0 48 0 0 0 0 0 0 0 0 0 0 0 56 0 0 0 0 0
35 ACA 72 2 0 0 361101 7 82 7 5 0 1 0 81 0 0 0 0 3 0 0 1 0 0 0 0 0 0 0 0 0 0 0 0 0 0 0 20 0 0 0 0 0 0 0 0 0 0 0 0 0 0 0 12 0 0 0 0 0 0 0 0 0 0 0
36 GAT 0 0 0 38 0 0 0 0 0 0 0 0 0 0 0 0 0 0 1 11 0 0 0 0 0 0 0 0 0 0 0 0 2 30 31 361318 0 0 0 8 0 0 0 39 0 0 0 18 0 0 0 58 0 0 0 0 0 0 0 0 0 0 0 0
37 GGA 0 0 0 0 0 0 0 0 32 0 0 0 0 0 0 0 0 0 0 0 0 0 0 0 4 0 0 0 0 0 0 0 44 0 0 0 2 0 0 0 361119 16 68 14 33 0 0 0 0 0 0 0 0 0 0 0 37 0 0 0 0 0 0 0
38 CCT 0 0 0 0 0 0 0 62 0 0 0 0 0 0 0 0 0 0 0 51 2 50 12 361353 0 0 0 2 0 0 0 36 0 0 0 0 0 0 0 1 0 0 0 0 0 0 0 0 0 0 0 0 0 0 0 40 0 0 0 0 0 0 0 0
39 TGC 0 0 0 0 0 0 0 0 0 5 0 0 0 0 0 0 0 0 0 0 0 0 0 0 0 53 0 0 0 0 0 0 0 0 0 0 0 0 0 0 0 14 0 0 0 1 0 0 0 42 0 0 0 8 0 0 77 361075 5 111 0 34 0 0
40 AAG 91 1 360892 64 0 0 4 0 0 0 75 0 0 0 8 0 0 0 2 0 0 0 0 0 0 0 0 0 0 0 0 0 0 0 46 0 0 0 0 0 0 0 0 0 0 0 0 0 0 0 8 0 0 0 0 0 0 0 0 0 0 0 0 0
41 GTT 0 0 0 0 0 0 0 0 0 0 0 0 0 0 0 58 0 0 0 0 0 0 0 0 0 0 0 0 0 0 0 7 0 0 0 3 0 0 0 39 0 0 0 10 1 87 0 360869 0 0 0 0 0 0 0 0 0 0 0 0 0 0 0 60
42 CCA 0 0 0 0 45 0 0 0 0 0 0 0 0 0 0 0 48 0 0 0 361074 3 39 8 0 0 0 0 51 0 0 0 0 0 0 0 1 0 0 0 0 0 0 0 0 0 0 0 0 0 0 0 32 0 0 0 0 0 0 0 0 0 0 0
43 GCT 0 0 0 0 0 0 0 49 0 0 0 0 0 0 0 0 0 0 0 0 0 0 0 5 0 0 0 0 0 0 0 0 0 0 0 45 4 45 4 360634 0 0 0 0 0 1 0 49 0 0 0 0 0 0 0 36 0 0 0 0 0 0 0 0
44 CAG 0 0 88 0 0 0 27 0 3 0 0 0 0 0 0 0 25 6 361087 56 0 0 1 0 1 0 48 0 1 1 7 0 0 0 2 1 0 0 0 0 0 0 0 0 0 0 0 0 0 0 66 0 0 0 0 0 0 0 0 0 0 0 0 0
45 ATG 0 0 3 0 0 0 23 0 0 1 57 0 37 3 360929 54 0 0 0 0 0 0 0 0 0 0 0 0 0 0 0 0 0 0 0 0 0 0 12 0 0 25 3 0 0 0 34 0 0 0 0 0 0 0 0 0 0 1 13 0 0 0 12 0
46 GCG 0 0 0 0 0 0 68 0 0 0 0 0 0 0 4 0 0 0 0 0 0 0 4 0 0 0 67 0 0 0 1 0 0 0 55 1 59 4 360521 60 0 2 18 36 0 0 153 0 0 0 0 0 0 0 70 0 0 0 1 0 0 0 0 0
47 GTG 0 0 0 0 0 0 0 0 0 0 0 0 0 0 78 0 0 0 0 0 0 0 0 0 0 0 0 0 0 0 3 0 0 18 4 0 0 0 30 0 43 0 34 2 44 6 360463 55 0 0 0 0 0 0 0 0 0 2 158 0 0 0 31 0
48 GAC 0 60 0 0 0 0 0 0 0 0 0 0 0 0 0 0 0 5 0 0 0 0 0 0 0 0 0 0 0 0 0 0 65 351486 6 94 0 1 0 0 0 26 0 1 0 6 1 0 0 45 0 0 0 0 0 0 0 0 0 0 0 0 0 0
49 ATG 0 0 5 0 0 0 23 0 0 0 19 0 79 11 348348 43 0 0 0 0 0 0 0 0 0 0 0 0 0 0 1 0 0 0 0 0 0 0 0 0 0 0 0 0 0 0 30 0 0 0 0 0 0 0 0 0 0 0 0 0 0 0 9 0
50 CAA 0 0 0 0 0 0 0 0 0 0 0 0 42 0 2 0 927 0 0 1 39 0 0 0 3 0 0 0 344285 2 7611 2 0 0 0 0 0 0 0 0 0 0 0 0 4 0 0 0 0 0 0 0 0 0 0 0 0 0 0 0 78 0 0 0
51 ACT 0 0 0 32 6 55 7 348801 0 0 0 2 0 0 0 52 0 0 0 0 0 0 0 0 0 0 0 0 0 0 0 0 0 0 0 0 0 0 0 53 0 0 0 0 0 0 0 1 0 0 0 0 0 0 0 14 0 0 0 0 0 0 0 0
52 CTG 0 0 0 0 0 0 0 0 0 0 0 0 0 0 77 0 0 1 4 0 0 3 51 0 0 0 8 0 47 71 353200 75 0 0 0 0 0 0 0 0 0 0 0 0 0 0 1 0 0 0 0 0 0 0 0 0 0 0 0 0 0 0 54 0
53 ACC 0 54 0 0 58 355959 2 32 0 2 0 0 0 37 0 0 0 0 0 0 0 164 0 0 0 0 0 0 0 0 0 0 0 0 0 0 0 33 0 0 0 0 0 0 0 0 0 0 0 0 0 0 0 4 0 0 0 0 0 0 0 0 0 0
54 CCA 0 0 0 0 50 0 0 0 0 0 0 0 0 0 0 0 45 0 0 0 355350 2 58 15 0 0 0 0 48 0 0 0 0 0 0 0 4 0 0 0 0 0 0 0 0 0 0 0 0 0 0 0 41 0 0 0 0 0 0 0 0 0 0 0
55 GTT 0 0 0 0 0 0 0 0 0 0 0 0 0 0 0 37 0 0 0 0 0 0 0 0 0 0 0 0 0 0 0 2 0 0 0 3 1 0 0 41 0 0 0 5 2 31 26 356042 0 0 0 0 0 0 0 0 0 0 0 0 0 0 0 33
56 GGG 0 0 0 0 0 0 5 0 0 0 39 0 0 0 0 0 0 0 0 0 0 0 0 0 0 0 4 0 0 0 0 0 0 0 45 0 0 0 12 0 42 4 358383 86 0 0 32 14 0 0 0 0 0 0 2 0 0 0 302 2 0 0 36 0
57 AGG 0 0 62 0 0 0 4 0 41 6 358444 48 0 0 57 0 0 0 0 0 0 0 0 0 0 0 4 0 0 0 0 0 0 0 126 1 0 0 0 0 6 1 139 5 0 0 1 0 0 0 0 0 0 0 0 0 0 0 9 0 0 0 0 0
58 TTG 0 0 0 0 0 0 0 0 0 0 6 0 0 0 3 0 0 0 0 0 0 0 0 0 0 0 0 0 0 0 58 0 0 1 1 0 0 0 0 0 0 0 3 1 0 0 92 14 0 0 1 0 0 0 17 0 1 0 11 0 41 2 358624 64
59 ATA 4 0 0 0 46 0 0 0 2 0 0 0 359409 4 31 3 0 0 0 0 0 0 0 0 0 0 0 0 0 0 0 0 5 0 0 5 0 0 0 0 0 0 0 0 24 0 0 0 0 0 0 0 0 0 0 0 0 0 0 0 11 0 0 0
60 ACC 0 38 0 0 56 359694 11 49 0 3 0 0 0 51 0 0 0 0 0 0 0 11 0 0 0 0 0 0 0 0 0 0 0 0 0 0 0 28 0 0 0 0 0 0 0 0 0 0 0 0 0 0 0 6 0 0 0 0 0 0 0 0 0 0
61 GCT 0 0 0 0 0 0 0 100 0 0 0 0 0 0 0 0 0 0 0 0 0 0 0 9 0 0 0 0 0 0 0 0 0 0 0 51 6 78 1 359226 0 0 0 1 0 1 0 55 0 0 0 0 0 0 0 46 0 0 0 0 0 0 0 0
62 AAC 50 360312 2 47 0 23 0 0 0 20 0 0 0 6 0 0 0 0 0 0 0 0 0 0 0 0 0 0 0 0 0 0 0 26 0 0 0 0 0 0 0 0 0 0 0 0 0 0 0 6 0 0 0 0 0 0 0 0 0 0 0 0 0 0
63 CCC 0 0 0 0 0 40 0 0 0 0 0 0 0 0 0 0 0 66 0 0 81 360022 4 87 0 1 0 0 0 38 0 0 0 0 0 0 0 0 0 0 0 0 0 0 0 0 0 0 0 0 0 0 0 39 0 0 0 0 0 0 0 0 0 0
64 GTA 0 0 0 0 0 0 0 0 0 0 0 0 100 0 0 0 0 0 0 0 0 0 0 0 0 0 0 0 6 0 0 0 16 0 0 0 57 0 0 0 5 1 0 0 359364 2 44 6 0 0 0 0 0 0 0 0 0 0 0 0 59 0 0 0
65 ATC 0 3 0 0 0 32 0 0 0 7 0 0 125 359271 1 112 0 0 0 0 0 0 0 0 0 0 0 0 0 5 0 0 0 0 0 0 0 0 0 0 0 0 0 0 0 37 0 0 0 0 0 0 0 0 0 0 0 0 0 0 0 4 0 0
66 ACT 0 0 0 113 2 69 20 360278 0 0 0 4 0 0 0 68 0 0 0 0 0 0 0 1 0 0 0 0 0 0 0 0 0 0 0 0 0 0 0 26 0 0 0 0 0 0 0 0 0 0 0 0 0 0 0 6 0 0 0 0 0 0 0 0
67 GAA 280 0 0 0 0 0 0 0 0 0 0 0 0 0 0 0 4 0 0 0 0 0 0 0 0 0 0 0 0 0 0 0 359430 2 30 13 4 0 0 0 57 0 0 0 8 0 0 0 63 0 0 0 0 0 0 0 0 0 0 0 0 0 0 0
68 AGC 0 83 1 0 0 7 0 0 74 359673 2 116 0 46 0 0 0 0 0 0 0 0 0 0 0 4 0 0 0 0 0 0 0 0 0 0 0 0 0 0 0 26 0 0 0 0 0 0 0 0 0 0 0 0 0 0 0 10 0 0 0 0 0 0
69 ACT 0 0 0 70 5 37 12 359778 0 0 0 8 0 0 0 95 0 0 0 1 0 0 0 8 0 0 0 0 0 0 0 0 0 0 0 0 0 0 0 31 0 0 0 0 0 0 0 1 0 0 0 0 0 0 0 10 0 0 0 0 0 0 0 0
70 GAG 0 0 35 0 0 0 0 0 0 0 0 0 0 0 0 0 0 0 1 0 0 0 1 0 0 0 0 0 0 0 0 0 49 4 359831 80 0 0 0 0 0 0 41 0 0 0 8 0 0 0 80 1 0 0 0 0 0 0 0 0 0 0 0 0
71 AAC 46 360076 2 29 0 9 0 0 0 16 0 0 0 5 0 0 0 9 0 0 0 1 0 0 0 0 0 0 0 1 0 0 0 29 0 0 0 0 0 0 0 0 0 0 0 0 0 0 0 3 0 0 0 0 0 0 0 0 0 0 0 0 0 0
72 TCT 0 0 0 0 0 0 0 13 0 0 0 0 0 0 0 0 0 0 0 0 0 0 0 36 0 0 0 0 0 0 0 0 0 0 0 0 0 0 0 3 0 0 0 0 0 0 0 0 0 0 0 84 19 91 7 359712 0 0 0 0 0 0 0 53
73 AAG 29 1 360947 55 0 0 6 0 0 0 41 0 0 0 19 0 0 0 3 0 0 0 0 0 0 0 0 0 0 0 1 0 0 0 36 0 0 0 0 0 0 0 0 0 0 0 0 0 0 0 3 0 0 0 0 0 0 0 0 0 0 0 0 0
74 ATG 0 0 19 0 0 0 21 0 0 0 9 0 54 9 360392 77 0 0 0 0 0 0 0 0 0 0 0 0 0 0 1 0 0 0 0 0 0 0 0 0 0 0 0 0 0 0 37 0 0 0 0 0 0 0 0 0 0 0 0 0 0 0 16 0
75 ATG 0 0 2 0 0 0 23 0 0 0 14 0 39 9 360043 75 0 0 0 0 0 0 0 0 0 0 0 0 0 0 1 0 0 0 0 0 0 0 0 0 0 0 0 0 0 0 33 0 0 0 0 0 0 0 0 0 0 0 0 0 0 0 10 0
76 CTG 0 0 0 0 0 0 0 0 0 0 0 0 0 0 59 0 1 0 0 0 0 0 51 0 0 0 17 0 39 3 359705 39 0 0 0 0 0 0 0 0 0 0 0 0 0 0 5 0 0 0 0 0 0 0 0 0 0 0 0 0 0 0 66 0
77 GAA 54 0 0 0 0 0 0 0 0 0 0 0 0 0 0 0 6 0 0 0 0 0 0 0 0 0 0 0 0 0 0 0 360220 1 16 5 1 0 0 0 17 0 0 0 0 0 0 0 74 0 0 0 0 0 0 0 0 0 0 0 0 0 0 0
78 CTT 0 0 0 0 0 0 0 0 0 0 0 0 0 0 0 41 0 0 0 2 0 0 0 25 0 0 0 9 4 48 10 360487 0 0 0 0 0 0 0 0 0 0 0 0 0 0 0 1 0 0 0 0 0 0 0 0 0 0 0 0 0 0 0 68
79 GAT 0 0 0 35 0 0 0 0 0 0 0 0 0 0 0 0 0 0 0 5 0 0 0 0 0 0 0 0 0 0 0 0 8 57 1 360217 0 0 0 4 0 0 0 27 0 0 0 8 0 0 0 61 0 0 0 0 0 0 0 0 0 0 0 0
80 CCA 0 0 0 0 60 0 0 0 0 0 0 0 0 0 0 0 63 0 0 0 360159 1 44 8 2 0 0 0 40 0 0 0 0 0 0 0 4 0 0 0 0 0 0 0 0 0 0 0 0 0 0 0 51 0 0 0 0 0 0 0 1 0 0 0
81 CCA 1 0 0 0 37 0 0 0 0 0 0 0 0 0 0 0 51 0 0 0 360655 0 9 70 4 0 0 0 47 0 1 2 0 0 0 0 3 0 0 0 0 0 0 0 0 0 0 0 0 0 0 0 32 0 0 0 0 0 0 0 0 0 0 0
82 TTT 0 0 0 0 0 0 0 0 0 0 0 0 0 0 0 1 0 0 0 0 0 0 0 1 0 0 0 0 0 0 0 28 0 0 0 0 0 0 0 0 0 0 0 0 0 0 0 13 0 0 0 2 0 0 0 25 0 0 0 8 4 29 3 360479
83 GGG 0 0 0 0 0 0 0 0 0 0 16 0 0 0 0 0 0 0 0 0 0 0 0 0 0 0 4 0 0 0 0 0 0 0 47 0 0 0 2 0 63 6 360381 54 0 0 45 0 0 0 0 0 0 0 0 0 0 0 67 0 0 0 1 0
84 GAC 0 51 0 0 0 0 0 0 0 0 0 0 0 0 0 0 0 7 0 0 0 0 0 0 0 0 0 0 0 2 0 0 31 361253 0 51 0 5 0 0 0 26 0 0 0 6 0 0 0 51 0 0 0 0 0 0 0 0 0 0 0 0 0 0
85 TCT 0 0 0 0 0 0 0 3 0 0 0 0 0 0 0 0 0 0 0 0 0 0 0 41 0 0 0 0 0 0 0 0 0 0 0 0 0 0 0 1 0 0 0 0 0 0 0 0 0 0 0 51 4 43 4 360583 0 0 0 3 0 0 0 37
86 TAC 0 3 0 0 0 0 0 0 0 0 0 0 0 0 0 0 0 71 0 0 0 0 0 0 0 0 0 0 0 4 0 2 0 4 0 0 0 0 0 0 0 0 0 0 0 0 0 0 59 361279 3 74 0 3 0 0 0 37 0 0 0 8 0 0
87 ATT 0 0 0 3 0 0 0 29 0 0 0 7 2 35 18 359449 0 0 0 0 0 0 0 0 0 0 0 0 0 0 0 1 0 0 0 0 0 0 0 0 0 0 0 0 0 0 0 40 0 0 0 0 0 0 0 0 0 0 0 0 0 0 0 70
88 GTC 0 0 0 0 0 0 0 0 0 0 0 0 0 29 0 0 0 0 0 0 0 0 0 0 0 0 0 0 0 6 0 0 0 7 0 0 0 41 0 0 0 10 0 0 84 360763 5 78 0 0 0 0 0 0 0 0 0 0 0 0 1 32 0 0
89 ATA 1 0 0 0 33 0 0 0 4 0 0 0 360865 9 100 15 0 0 0 0 0 0 0 0 0 0 0 0 1 0 0 0 0 0 0 0 0 0 0 0 0 0 1 0 22 0 0 0 0 0 0 0 0 0 0 0 0 0 0 0 8 0 0 0
90 GGA 0 0 0 0 0 0 0 0 45 0 0 0 0 0 0 0 0 0 0 0 0 0 0 0 3 0 0 0 0 0 0 0 18 0 0 0 3 0 0 0 361195 2 35 6 44 0 0 0 0 0 1 0 0 0 0 0 31 0 0 0 0 0 0 0
91 GTC 0 0 0 0 0 0 0 0 0 0 0 0 0 68 0 0 0 0 0 0 0 0 0 0 0 0 0 0 0 4 0 0 0 2 0 0 0 51 1 0 0 8 1 0 108 360718 43 97 0 0 1 0 0 0 0 0 0 0 0 0 0 32 0 0
92 GGG 0 0 1 0 0 0 0 0 0 0 58 0 0 0 0 0 0 0 0 0 0 0 0 0 0 0 8 0 0 0 0 0 0 0 59 1 0 0 6 1 53 3 360725 39 0 0 58 0 0 0 0 0 0 0 0 0 0 0 76 2 0 0 0 0
93 GAG 1 0 42 0 0 0 0 0 0 0 1 0 0 0 0 0 0 0 4 0 0 0 0 0 0 0 0 0 0 0 0 0 45 4 361263 36 0 0 0 0 0 0 97 2 0 0 3 0 0 0 33 0 0 0 0 0 0 0 0 0 0 0 0 0
94 AAG 57 8 361180 38 0 0 5 0 1 0 36 0 0 0 7 0 0 0 1 0 0 0 0 0 0 0 0 0 0 0 0 0 0 0 45 0 0 0 0 0 0 0 0 0 0 0 0 0 0 0 3 0 0 0 0 0 0 0 0 0 0 0 0 0
95 AAG 36 3 361633 41 0 0 1 0 0 0 31 0 0 0 15 0 0 0 2 0 0 0 0 0 0 0 0 0 0 0 0 0 0 0 43 0 0 0 0 0 0 0 0 0 0 0 0 0 0 0 4 0 0 0 0 0 0 0 0 0 0 0 0 0
96 ATC 0 4 0 0 0 24 0 0 0 2 0 0 33 360992 0 37 0 0 0 0 0 0 0 0 0 0 0 0 0 7 0 0 0 0 0 0 0 1 0 0 0 0 0 0 0 27 0 0 0 0 0 0 0 0 0 0 0 0 0 0 0 7 0 0
97 ACC 0 1 0 0 1 8826 0 1 0 1 0 0 0 2 0 0 0 0 0 0 0 64 0 0 0 0 0 0 0 0 0 0 0 0 0 0 0 2 0 0 0 0 0 0 0 0 0 0 0 46 0 0 29 352083 1 45 0 2 0 0 0 44 0 0
98 CAC 0 37 0 0 0 0 0 0 0 0 0 0 0 0 0 0 45 360976 2 53 0 2 0 0 0 16 0 0 0 3 0 0 0 0 0 0 3 0 0 0 0 0 0 0 0 0 0 0 0 39 0 0 0 0 0 0 0 0 0 0 0 1 0 0
99 CAC 0 61 0 0 0 2 0 0 0 0 0 0 0 0 0 0 65 423917 2 121 0 1 1 0 0 21 1 0 0 12 0 0 0 16 0 0 0 0 0 0 0 0 0 0 0 0 0 0 0 148 0 0 0 0 0 0 0 0 0 0 0 0 0 0
100 TGG 0 0 0 0 0 0 0 0 0 0 3 0 0 0 0 0 0 0 0 0 0 0 0 0 0 0 48 0 0 0 0 0 0 0 0 0 0 0 0 0 0 0 45 0 0 0 0 0 0 0 59 0 0 0 3 0 127 4 423781 39 0 0 66 0
101 CAC 1 43 0 0 0 0 0 0 0 0 0 0 0 0 0 0 76 423943 2 117 0 3 0 0 0 36 0 1 0 9 0 0 0 0 0 0 0 0 0 0 0 0 0 0 0 0 0 0 0 67 0 0 0 0 0 0 0 0 0 0 0 0 0 0
102 AGG 0 0 58 0 0 0 8 0 37 10 423787 98 0 0 72 0 0 0 0 0 0 0 0 0 0 0 14 0 0 0 0 0 0 0 0 0 0 0 0 0 0 0 116 0 0 0 0 0 0 0 0 0 0 0 0 0 0 0 13 0 0 0 0 0
103 AGT 0 0 0 24 0 0 0 10 7 37 18 424183 0 0 0 33 0 0 0 0 0 0 0 0 0 0 0 6 0 0 0 0 0 0 0 0 0 0 0 28 0 0 0 36 0 0 0 2 0 0 0 0 0 0 0 0 0 0 0 13 0 0 0 0
104 GGC 0 1 0 0 0 0 0 0 0 49 0 0 0 0 0 0 0 1 0 0 0 0 0 0 0 3 0 0 0 0 0 0 0 77 0 0 0 4 0 0 51 423813 5 88 0 54 0 0 0 0 0 0 0 0 0 0 0 73 0 1 0 0 0 0
105 AGC 0 77 0 0 0 11 0 0 61 423896 1 104 0 40 0 0 0 0 0 0 0 0 0 0 0 1 0 0 0 0 0 0 0 0 0 0 0 0 0 0 0 69 0 0 0 0 0 0 0 0 0 0 0 0 0 0 0 15 0 0 0 0 0 0
106 ACC 0 48 0 0 65 423836 3 79 0 10 0 0 0 56 0 0 0 0 0 0 0 15 0 0 0 0 0 0 0 0 0 0 0 0 0 0 0 35 0 0 0 0 0 0 0 0 0 0 0 0 0 0 0 7 0 0 0 0 0 0 0 0 0 0
107 ATT 0 0 0 2 0 0 0 29 0 0 0 13 8 57 77 423585 0 0 0 0 0 0 0 0 0 0 0 0 0 0 0 1 0 0 0 0 0 0 0 0 0 0 0 0 0 0 0 28 0 0 0 0 0 0 0 0 0 0 0 0 0 0 0 39
108 GGA 21 0 0 0 0 0 0 0 57 0 0 0 0 0 0 0 0 0 0 0 0 0 0 0 3 0 0 0 0 0 0 0 249 0 0 0 2 0 0 0 423266 1 425 5 155 0 0 0 0 0 0 0 0 0 0 0 183 0 0 0 0 0 0 0
109 AAA 424123 4 67 18 1 0 0 0 44 0 0 0 7 0 0 0 0 0 0 0 0 0 0 0 0 0 0 0 0 0 0 0 39 0 0 0 0 0 0 0 0 0 0 0 0 0 0 0 8 0 0 0 0 0 0 0 0 0 0 0 0 0 0 0
110 GCA 0 0 0 0 43 0 0 0 0 0 0 0 0 0 0 0 0 0 0 0 8 0 0 0 0 0 0 0 0 0 0 0 73 0 0 0 423877 3 37 95 4 0 0 0 98 0 0 0 0 0 0 0 70 0 0 0 0 0 0 0 0 0 0 0
111 TTT 0 0 1 0 0 0 0 0 0 0 0 0 0 0 0 0 0 0 0 0 0 0 0 0 0 0 0 0 0 0 0 63 0 0 0 0 0 0 0 0 0 0 0 0 0 0 0 16 0 0 0 2 0 0 0 26 0 0 0 8 3 50 13 424071
112 GAA 45 0 0 0 0 0 0 0 0 0 0 0 0 0 0 0 3 0 0 0 0 0 0 0 0 0 0 0 0 0 0 0 423786 8 45 14 6 0 0 0 48 0 0 0 9 0 0 0 112 0 0 0 0 0 0 0 1 0 0 0 0 0 0 0
113 GCC 0 0 0 0 0 58 0 0 0 0 0 0 0 0 0 0 0 0 0 0 0 24 0 0 0 0 0 0 0 0 0 0 0 48 0 0 89 424009 4 42 0 6 0 0 0 69 0 0 0 0 0 0 0 36 0 0 0 0 0 0 0 0 0 0
114 ACT 0 0 0 53 9 65 55 423925 0 0 0 4 0 0 0 52 0 0 0 0 0 0 0 10 0 0 0 0 0 0 0 0 0 0 0 0 0 0 0 18 0 0 0 1 0 0 0 0 0 0 0 0 0 0 0 11 0 0 0 0 0 0 0 0
115 GTG 0 0 0 0 0 0 0 0 0 0 0 0 0 5 50 0 0 0 0 0 0 0 0 0 0 0 0 0 0 0 10 0 0 0 6 0 0 0 59 0 0 0 11 0 23 5 423901 80 0 0 0 0 0 0 0 0 0 0 0 0 0 0 52 0
116 AGA 3 0 192 0 0 0 1 0 14326 3 408639 72 3 0 74 0 0 0 0 0 0 0 0 0 2 1 1 0 0 0 0 0 0 0 1 0 0 0 0 0 1 0 100 0 0 0 1 0 0 0 0 0 0 0 0 0 2 0 40 0 0 0 1 0
117 GGT 0 0 0 0 0 0 0 56 0 0 0 78 0 0 0 0 0 0 0 0 0 0 0 0 0 0 0 3 0 0 0 0 0 0 0 46 0 0 0 17 6 61 2 423872 0 0 0 35 0 0 0 0 0 0 0 0 0 0 0 52 0 0 0 0
118 GCC 0 1 0 0 0 68 0 0 0 1 0 0 0 1 0 0 0 0 0 0 0 9 0 0 0 0 0 0 0 0 0 0 0 33 0 0 119 423392 3 47 0 1 0 0 0 185 0 0 0 0 0 0 0 40 0 0 0 0 0 0 0 0 0 0
119 AAG 50 4 423354 135 0 0 58 1 0 0 61 0 0 0 18 0 0 0 5 0 0 0 0 0 0 0 0 0 0 0 0 0 0 0 45 0 0 0 0 0 0 0 0 0 0 0 0 0 0 0 5 0 0 0 0 0 0 0 0 0 0 0 0 0
120 AGA 217 0 0 0 5 0 0 0 423525 7 28 15 102 0 0 0 0 0 0 0 0 0 0 0 5 0 0 0 0 0 0 0 2 0 0 0 0 0 0 0 56 0 0 0 0 0 0 0 0 0 0 0 0 0 0 0 7 0 0 0 0 0 0 0
121 ATG 0 0 2 0 0 0 19 0 0 0 33 0 36 5 423759 120 0 0 0 0 0 0 0 0 0 0 0 0 0 0 6 0 0 0 0 0 0 0 0 0 0 0 1 0 0 0 31 0 0 0 0 0 0 0 0 0 0 0 0 0 0 0 9 0
122 GCA 1 0 0 0 111 1 0 0 0 0 0 0 0 0 0 0 0 0 0 0 7 0 0 0 0 0 0 0 0 0 0 0 38 0 0 0 423644 2 41 11 5 0 0 0 125 0 0 0 0 0 0 0 43 0 0 0 0 0 0 0 0 0 0 0
123 GTC 0 0 0 0 0 0 0 0 0 0 0 0 0 76 0 0 0 0 0 0 0 0 0 0 0 0 0 0 0 9 0 0 0 4 0 0 0 61 0 0 0 14 0 0 144 423461 1 68 0 0 0 0 0 0 0 0 0 0 0 0 0 37 0 0
124 TTG 0 0 0 0 0 0 0 0 0 0 0 0 0 0 3 0 0 0 0 0 0 0 0 0 0 0 0 0 0 0 48 0 0 0 0 0 0 0 0 0 0 0 0 0 0 0 4 0 0 0 0 0 0 0 26 1 0 0 36 0 49 2 423694 121
125 GGA 0 0 0 0 0 0 0 0 58 0 0 0 0 0 0 0 0 0 0 0 0 0 0 0 4 0 0 0 0 0 0 0 30 1 0 0 6 0 0 0 423094 5 57 9 87 0 0 0 0 0 0 0 0 0 0 0 52 0 0 0 0 0 0 0
126 GAC 0 57 0 0 0 0 0 0 0 0 0 0 0 0 0 0 0 21 0 0 0 0 0 0 0 0 0 0 0 55 0 0 82 422902 21 133 0 1 0 0 0 54 0 0 0 15 0 0 0 154 0 0 0 0 0 0 0 0 0 0 0 0 0 0
127 ACA 80 0 0 0 423506 10 70 6 4 0 0 0 91 0 0 0 0 0 0 0 4 0 0 0 0 2 0 0 0 0 0 0 0 0 0 0 35 0 0 0 0 0 0 0 0 0 0 0 0 0 0 0 12 0 0 0 0 0 0 3 0 0 0 0
128 GCC 0 0 0 0 0 68 0 0 0 0 0 0 0 0 0 0 0 0 0 0 0 18 0 0 0 0 0 0 0 0 0 0 0 29 0 0 67 423570 2 43 0 5 0 0 0 52 0 0 0 0 0 0 0 47 0 0 0 0 0 0 0 0 0 0
129 TGG 0 0 0 0 0 0 0 0 0 0 8 0 0 0 0 0 0 0 0 0 0 0 0 0 0 0 89 0 0 0 0 0 0 0 0 0 0 0 0 0 0 0 73 0 0 0 0 0 0 0 51 0 0 0 4 0 70 2 423259 71 0 0 74 0
130 GAC 0 43 0 0 0 0 0 1 0 0 0 0 0 0 0 0 0 2 0 0 0 0 0 0 0 0 0 0 0 0 0 0 23 422664 1 439 0 2 0 0 0 23 0 0 0 2 0 0 0 119 0 0 0 0 0 0 0 0 0 0 0 0 0 0
131 TTT 0 0 0 0 0 0 0 0 0 0 0 0 0 0 0 2 0 0 0 0 0 0 0 0 0 0 0 0 0 0 0 69 0 0 0 0 0 0 0 0 0 0 0 0 0 0 0 11 0 0 0 3 0 0 0 34 0 0 3 7 3 31 28 423377
132 GGA 0 0 0 0 0 0 0 0 46 0 0 0 0 0 0 0 0 0 0 0 0 0 0 0 2 0 0 0 0 0 0 0 57 0 0 0 2 0 0 0 423269 1 28 12 176 0 0 0 0 0 0 0 0 0 0 0 149 0 1 0 0 0 0 0
133 TCA 0 0 0 0 3 0 0 0 0 0 0 0 0 0 0 0 0 0 0 0 26 0 0 0 0 0 0 0 0 0 0 0 0 0 0 0 2 0 0 0 0 0 0 0 0 0 0 0 185 0 0 0 423168 1 63 10 1 0 0 0 78 0 0 2
134 GTT 0 0 0 0 0 0 0 0 0 0 0 0 0 1 0 43 0 0 0 0 0 0 0 0 0 0 0 0 0 0 0 7 0 0 0 3 0 0 0 43 0 0 0 5 2 41 16 423557 0 0 0 0 1 0 0 0 0 0 0 0 0 0 0 41
135 GGA 0 0 0 0 0 0 0 0 12848 0 1 0 1 0 0 0 0 0 0 0 0 5 0 0 5 0 0 0 0 0 0 0 45 0 0 0 4 0 0 0 410057 2 69 10 50 0 0 2 0 0 0 0 0 0 0 0 76 0 0 0 0 0 0 0
136 GGC 0 0 0 0 0 0 0 0 0 67 0 0 0 0 0 0 0 0 0 0 0 1 0 0 0 6 0 0 0 0 0 0 0 57 2 0 0 6 0 1 76 423178 2 150 0 31 0 0 0 0 0 0 0 0 0 0 0 62 0 0 0 0 0 0
137 GCT 0 0 0 0 0 0 0 122 0 0 0 0 0 0 0 0 0 0 0 0 0 0 0 4 0 0 0 0 0 0 0 0 0 0 0 35 1 74 15 423339 0 0 0 1 0 0 0 56 0 0 0 0 0 1 0 74 0 0 0 0 0 0 0 0
138 CTC 0 0 0 0 0 0 0 0 0 0 0 0 0 300 0 0 0 3 0 0 0 44 0 0 0 3 1 0 162 423172 3 57 0 0 0 0 0 0 0 0 0 0 0 0 0 1 0 0 0 0 0 0 0 0 0 0 0 0 0 0 0 50 0 0
139 AAC 34 423671 3 63 0 5 0 1 0 32 0 0 0 8 0 0 0 0 0 0 0 0 0 0 0 0 0 0 0 0 0 0 0 25 0 0 0 0 0 0 0 0 0 0 0 0 0 0 0 1 0 0 0 0 0 0 0 0 0 0 0 0 0 0
140 TCA 0 0 0 0 6 0 0 0 0 0 0 0 0 0 0 0 0 0 0 0 37 0 0 0 0 0 0 0 1 0 0 0 0 0 0 0 0 0 0 0 0 0 0 0 0 0 0 0 211 0 0 0 422831 3 28 62 2 0 0 0 49 0 0 0
141 TTG 0 0 2 0 0 0 0 0 0 0 0 0 0 0 5 0 0 0 0 0 0 0 0 0 0 0 0 0 0 0 43 0 0 0 0 0 0 0 0 0 0 0 1 0 0 0 21 0 0 0 4 0 0 0 29 0 0 0 110 0 36 5 422623 896
142 GGC 0 2 0 0 0 0 0 0 0 109 0 0 0 0 0 0 0 3 0 0 0 0 0 0 0 11 0 27 0 0 0 0 0 81 0 0 0 7 0 0 57 423037 5 122 0 27 0 0 0 1 0 0 0 0 0 0 0 96 0 0 0 0 0 0
143 AAG 88 3 422724 97 0 0 3 0 0 0 164 0 0 0 13 0 0 0 3 0 0 0 0 0 0 0 0 0 0 0 0 0 0 0 53 0 0 0 0 0 0 0 0 0 0 0 0 0 0 0 3 0 0 0 0 0 0 0 5 0 0 0 0 0
144 GGC 0 0 0 0 0 0 0 0 0 129 0 0 0 0 0 0 0 0 0 0 0 0 0 0 0 6 0 0 0 0 0 0 0 95 0 0 0 12 0 0 40 423126 0 81 0 16 0 0 0 0 0 0 0 0 0 0 0 71 0 0 0 0 0 0
145 ATC 0 1 0 0 0 80 0 0 0 3 0 0 93 423374 3 59 0 0 0 0 0 0 0 0 0 0 0 0 0 0 0 0 0 0 0 0 0 0 0 0 0 0 0 0 0 29 0 0 0 0 0 0 0 0 0 0 0 0 0 0 0 11 0 0
146 CAT 0 0 0 103 0 0 0 0 0 0 0 0 0 0 0 0 15 88 1 422897 1 0 0 2 0 0 0 16 0 0 0 9 0 0 0 7 0 0 0 0 0 0 0 0 0 0 0 0 0 0 0 53 0 0 0 0 0 0 0 0 0 0 0 0
147 CAA 295 0 0 0 0 0 0 0 0 0 0 0 0 0 0 0 422818 0 34 2 4 0 0 0 20 0 0 0 3 0 0 0 3 0 0 0 0 0 0 0 0 0 0 0 0 0 0 0 46 0 0 0 0 0 0 0 0 0 0 0 0 0 0 0
148 ATT 32 0 0 249 0 0 0 20 0 0 0 5 27 31 5 423179 0 0 0 0 0 0 0 0 0 0 0 0 0 0 0 0 0 0 0 0 0 0 0 0 0 0 0 0 0 0 0 41 0 0 0 0 0 0 0 0 0 0 0 0 0 0 0 92
149 TTT 0 0 0 0 0 0 0 0 0 0 0 0 0 0 0 2 0 0 0 0 0 0 0 0 0 0 0 0 0 0 0 26 0 0 0 0 0 0 0 0 0 0 0 0 0 0 0 9 0 0 0 4 0 0 0 26 0 0 0 7 2 31 34 423106
150 GGA 0 0 0 0 0 0 0 0 29 0 0 0 0 0 0 0 0 0 0 0 0 0 0 0 3 0 0 0 0 0 0 0 33 0 9 1 8 0 2 0 420746 6 144 11 222 0 1 0 0 0 0 0 0 0 1 0 136 0 592 0 0 0 5 0
151 GCA 0 0 0 0 54 0 0 0 0 624 0 0 0 0 0 0 0 0 80 0 10 0 0 0 0 0 0 0 0 0 0 0 52 0 16 0 421347 10 50 48 3 1 0 0 130 0 0 0 0 0 1 0 47 0 0 0 0 0 0 0 0 0 0 0
152 GCT 0 0 0 1 0 0 0 57 0 623 0 0 0 0 0 0 0 0 5 0 0 0 0 11 0 0 0 0 0 0 0 115 0 0 0 36 9 328 15 421373 0 1 0 2 0 0 0 252 0 0 0 0 0 0 0 30 0 0 0 0 0 33 0 17
153 TTC 7 0 0 0 0 0 0 0 0 0 0 0 0 8 0 0 0 0 0 0 0 0 0 0 0 0 0 0 0 41 0 0 0 0 0 0 0 0 0 0 0 0 1 0 0 7 0 0 12 4 0 0 0 33 0 0 0 2 0 0 265 415761 0 66
154 AAA 415026 12 36 10 1 0 0 0 37 0 0 0 2 0 0 1 0 0 0 0 0 0 0 0 0 0 0 0 0 0 0 0 23 0 0 0 0 0 0 0 0 0 0 0 0 0 0 0 3 0 0 0 0 0 0 0 0 0 0 0 0 0 0 0
155 TCA 0 0 0 0 8 0 0 0 0 0 0 0 4 0 0 0 0 0 0 0 29 0 0 0 0 0 0 0 0 0 0 0 0 0 0 0 3 0 0 0 0 0 0 0 0 0 0 0 383 0 0 0 409750 1 20 63 0 0 0 0 126 0 0 0
156 TTG 0 0 0 1 0 0 0 0 0 0 0 0 0 38 135 447 0 1 1 176 0 0 0 0 0 0 0 1 0 0 42 0 0 0 0 0 0 0 0 0 0 0 0 0 0 0 1 0 0 0 2 0 69 0 32 0 0 0 21 224 35 8 416048 75
157 TTT 0 0 0 0 0 0 0 0 0 0 1 0 0 0 0 49 0 0 0 1 0 0 0 0 0 0 0 0 0 0 0 37 0 0 0 0 0 0 0 1 0 0 0 0 1 6 0 395 0 0 0 2 0 0 0 38 0 0 0 39 4 29 40 419244
158 GGA 0 0 0 0 0 0 0 0 40 0 0 0 0 0 0 0 0 0 0 0 0 0 0 0 15 0 0 0 0 0 0 0 38 0 1 0 7 0 0 0 418840 6 63 17 78 0 0 0 0 0 0 0 0 0 0 0 145 0 50 0 3 0 29 10
159 GGA 0 0 0 0 0 0 0 0 60 0 4 0 0 0 0 0 0 0 0 0 0 0 0 0 7 0 0 0 0 0 0 0 133 0 1 0 2 0 0 0 419688 1 41 7 109 0 0 0 0 0 0 0 0 0 0 0 56 0 0 0 0 0 0 0
160 ATG 0 0 5 0 0 0 12 0 0 0 2 0 57 9 419285 24 0 0 0 0 0 0 0 0 0 0 0 0 0 0 2 0 1 0 0 0 0 0 0 0 0 0 0 0 0 0 35 0 0 0 0 0 0 0 0 0 0 0 0 0 0 0 21 0
161 TCC 0 0 0 0 0 2 0 0 0 0 0 0 0 0 0 0 0 0 0 0 0 51 0 0 0 0 0 0 0 0 0 0 0 0 0 0 0 2 0 0 0 0 0 0 0 0 0 1 0 97 0 0 72 418407 0 73 0 2 0 2 0 46 0 0
162 TGG 0 0 0 0 0 0 0 0 0 0 3 0 0 0 0 0 0 0 1 0 0 0 0 1 0 0 33 0 0 0 3 0 0 0 0 0 0 0 0 0 0 0 27 0 0 0 0 0 0 0 51 0 0 0 5 0 44 7 421108 71 0 0 126 0
163 TTC 0 0 0 0 0 0 0 0 0 0 0 0 0 5 0 0 0 0 0 0 0 0 0 0 0 0 0 0 0 62 0 0 0 0 0 0 0 1 0 0 0 0 0 1 0 12 0 0 0 0 0 0 0 39 0 0 0 0 0 0 165 420341 0 82
164 TCA 0 0 0 0 3 0 0 0 0 0 0 0 0 0 0 0 0 0 0 0 44 0 0 0 0 0 0 0 0 0 0 0 0 0 0 0 3 0 0 0 0 0 0 0 0 0 0 0 229 0 1 0 420525 2 24 59 3 0 0 0 66 0 0 0
165 CAA 88 0 0 0 0 0 0 0 0 0 0 0 0 0 0 0 421708 7 42 8 1 0 0 0 21 0 0 0 6 0 0 0 3 0 0 0 0 0 0 0 0 0 0 0 0 0 0 0 54 0 0 0 0 0 0 0 0 0 0 0 0 0 0 0
166 ATC 1 3 0 2 0 50 0 1 0 1 0 0 189 420839 4 66 0 0 0 0 0 0 0 0 0 0 0 0 0 2 0 0 0 0 0 0 0 0 0 0 0 0 0 0 0 29 0 0 0 0 0 0 0 0 0 0 0 0 0 0 0 8 0 0
167 CTC 0 0 0 0 0 0 0 0 0 0 0 0 0 137 0 0 0 5 0 0 0 46 0 0 0 8 0 0 106 419177 1 56 0 0 0 0 0 0 0 0 1 0 0 0 0 1 0 0 0 0 0 0 0 0 0 0 0 0 0 0 0 61 0 0
168 ATT 0 0 0 2 0 0 0 50 0 0 0 16 4 36 38 421818 0 0 0 0 0 0 0 0 0 0 0 0 0 0 0 16 0 0 0 0 0 0 0 0 0 0 0 0 0 0 0 26 0 0 0 0 0 0 0 0 0 0 0 0 0 0 0 32
169 GGA 0 0 0 0 0 0 0 0 40 0 0 0 0 0 0 0 0 0 0 0 0 0 0 0 5 0 0 0 0 0 0 0 67 0 0 0 2 0 0 0 422828 1 46 5 169 0 0 0 0 0 0 0 0 0 0 0 103 0 0 0 0 0 0 0
170 ACG 0 0 50 0 67 4 421352 57 0 0 4 0 0 0 170 0 0 0 0 0 0 0 1 0 0 0 0 0 0 0 0 0 0 0 0 0 0 0 32 1 0 0 0 0 0 0 0 0 0 0 0 0 0 0 10 0 0 0 0 0 0 0 0 0
171 TTG 0 0 0 0 0 0 0 0 0 0 0 0 0 0 3 0 0 0 0 0 0 0 0 0 0 0 0 0 0 0 82 0 0 0 0 0 1 0 768 0 0 0 0 0 0 0 5 0 0 0 2 0 0 0 23 0 0 0 9 0 44 6 420932 40
172 CTG 0 0 0 0 0 0 0 0 0 0 0 0 0 0 69 0 0 0 1 0 0 0 33 0 0 0 4 0 44 1 421181 94 0 0 0 0 0 0 0 0 0 0 0 0 0 0 4 0 0 0 0 0 0 0 0 0 0 0 0 0 0 0 102 0
173 ATG 0 0 7 0 0 0 41 0 2 0 29 0 25 4 422001 33 0 0 0 0 0 0 0 0 0 0 0 0 0 0 66 0 0 0 0 0 0 0 0 0 0 0 0 0 0 0 61 0 0 0 0 0 0 0 0 0 0 0 0 0 0 0 12 0
174 TGG 0 0 0 0 0 0 0 0 0 0 1 0 0 0 1 0 0 0 0 0 0 0 0 0 0 0 26 0 0 0 0 0 0 0 0 0 0 0 0 0 0 0 9 0 0 0 1 0 0 1 52 0 0 0 1 1 53 3 422692 69 0 0 96 0
175 TTG 0 0 0 0 0 0 0 0 0 0 0 0 0 0 3 0 0 0 0 0 0 0 0 0 0 0 0 0 0 0 56 0 0 0 0 0 0 0 76 0 0 0 0 0 0 0 4 0 0 0 2 0 0 0 24 0 0 0 33 0 35 6 422294 107
176 GGT 0 0 0 0 0 0 0 0 0 0 0 76 0 0 0 0 0 0 0 0 0 0 0 0 0 0 0 4 0 0 0 0 0 0 0 37 0 71 0 2 0 59 2 420353 0 0 0 25 0 0 0 0 0 0 0 0 0 0 0 85 0 0 0 0
177 CTG 0 0 0 0 0 0 0 0 0 0 0 0 0 0 151 0 0 0 1 0 0 0 45 0 0 0 9 0 66 3 421051 299 0 0 0 0 0 0 0 0 0 0 1 0 0 0 1 0 0 0 0 0 0 0 0 0 0 0 0 0 0 0 79 0
178 AAC 95 422378 1 100 0 2 0 0 1 46 0 0 0 14 0 0 0 12 0 0 0 0 0 0 0 0 0 0 0 0 0 0 0 48 0 0 0 0 0 0 0 0 0 0 0 2 0 0 0 4 0 0 0 0 0 0 0 0 0 0 0 0 0 0
179 ACA 115 0 0 0 422390 1 41 12 2 0 0 0 80 0 0 0 0 0 0 0 6 0 0 0 0 0 0 0 0 0 0 0 0 0 0 0 81 0 0 0 0 0 0 0 0 0 0 0 0 0 0 0 6 0 0 0 0 0 0 0 0 0 0 0
180 AAG 100 3 422339 86 0 0 3 0 1 0 41 0 0 0 7 0 0 0 5 0 0 0 0 0 0 0 0 0 0 0 0 0 0 0 29 0 0 0 0 0 0 0 0 0 0 0 0 0 0 0 8 0 0 0 0 0 0 0 0 0 0 0 0 0
181 AAT 5 22 28 422161 0 0 0 4 0 0 0 30 0 0 0 18 0 0 0 3 0 0 0 0 0 0 0 0 0 0 0 0 0 0 0 42 0 0 0 0 0 0 0 0 0 0 0 0 0 0 0 1 0 0 0 0 0 0 0 0 0 0 0 0
182 GGA 0 0 0 0 0 0 0 0 47 0 0 0 0 0 0 0 0 0 0 0 0 0 0 0 4 0 0 0 0 0 0 0 44 0 0 0 8 0 0 0 421532 1 17 7 113 0 0 0 0 0 0 0 0 0 0 0 116 0 0 0 0 0 0 0
183 TCT 0 0 0 0 0 0 0 2 0 0 0 0 0 0 0 0 0 0 0 0 0 0 0 37 0 0 0 0 0 0 0 0 0 0 0 0 0 0 0 3 0 0 0 0 0 0 0 0 0 0 0 125 4 92 5 423373 0 0 0 0 0 0 0 79
184 ATT 0 0 0 7 0 0 0 55 0 0 0 3 2 33 2 423385 0 0 0 0 0 0 0 0 0 0 0 0 0 0 0 4 0 0 0 0 0 0 0 0 0 0 0 0 0 0 0 34 0 0 0 0 0 0 0 0 0 0 0 0 0 0 0 89
185 TCC 0 0 0 0 0 1 0 0 0 0 0 0 0 0 0 0 0 0 0 0 0 83 0 0 0 0 0 0 0 0 0 0 0 0 0 0 0 0 0 0 0 0 0 0 0 0 0 0 1 104 0 0 71 423734 2 67 0 2 0 0 0 52 0 0
186 CTT 0 0 0 0 0 0 0 0 0 0 0 0 0 0 0 78 0 0 0 2 0 1 0 39 0 0 0 4 6 124 1 423494 0 0 0 0 0 0 0 0 0 0 0 0 0 0 0 2 0 0 0 0 0 0 0 0 0 0 0 0 0 0 0 48
187 ATG 0 0 0 0 0 0 23 0 0 0 17 0 34 3 410198 39 0 0 0 0 0 0 0 0 0 0 0 0 0 0 4 0 0 0 0 0 0 0 1 0 0 0 1 0 1 0 12748 3 0 0 0 0 0 0 0 0 0 0 0 0 0 0 20 0
188 TGC 0 0 0 0 0 0 0 0 0 6 0 0 0 0 0 0 0 0 0 0 0 0 0 0 0 33 0 0 0 0 0 0 0 0 0 0 0 0 0 0 0 13 0 0 0 0 0 0 0 58 0 0 0 7 0 0 45 422914 1 92 0 36 0 0
189 TTG 0 0 0 0 0 0 0 0 0 0 0 0 0 0 4 0 0 0 0 0 0 0 0 0 0 0 0 0 0 0 67 0 0 0 0 0 0 0 0 0 0 0 0 0 0 0 10 0 0 0 0 0 0 0 40 0 0 0 16 0 50 6 422036 67
190 GCC 0 0 0 0 0 39 0 0 0 0 0 0 0 0 0 0 0 0 0 0 0 71 0 0 0 0 0 0 0 0 0 0 0 20 0 0 64 422955 0 61 0 0 0 18 0 64 0 0 0 0 0 0 0 24 0 0 0 0 0 0 0 0 0 0
191 TTA 0 0 0 0 0 0 0 0 0 0 0 0 5 0 0 0 0 0 0 0 0 0 0 0 0 0 0 0 56 0 1 0 0 0 0 0 0 0 0 0 0 0 0 0 9 0 0 0 0 0 0 0 36 0 0 0 1 0 8 0 423221 4 175 7
192 GGG 0 0 1 0 0 0 0 0 0 0 91 0 0 0 0 0 0 0 0 0 0 0 0 0 0 0 2 0 0 0 0 0 0 0 46 1 0 0 3 0 43 3 423691 41 0 0 37 0 0 0 0 0 0 0 0 0 0 0 40 1 0 0 0 0
193 GGA 0 0 0 0 0 0 0 0 47 0 0 0 0 0 0 0 0 0 0 0 0 0 0 0 6 0 0 0 0 0 0 0 36 0 0 0 1 0 0 0 422114 0 351 8 77 0 0 0 0 0 0 0 0 0 0 0 24 0 0 0 0 0 0 0
194 GTG 0 0 0 0 0 0 0 0 0 0 0 0 0 0 21 0 0 0 0 0 0 0 0 0 0 0 0 0 0 0 6 0 0 0 9 0 0 0 62 0 0 0 26 2 42 4 423103 77 0 0 0 0 0 0 0 0 0 0 0 0 0 0 29 0
195 TTG 0 0 0 0 0 0 0 0 0 0 0 0 0 0 13 0 0 0 0 0 0 0 0 0 0 0 0 0 0 0 55 0 0 0 0 0 0 0 0 0 0 0 0 0 0 0 6 0 0 0 1 0 0 0 21 0 0 0 0 0 41 0 423685 110
196 ATC 0 1 0 0 0 31 0 0 0 2 0 1 97 422332 1 101 0 0 0 0 0 0 0 0 0 0 0 0 0 1 0 0 0 0 0 0 0 0 0 0 0 0 0 0 0 33 0 0 0 0 0 0 0 0 0 0 0 0 0 0 0 6 0 0
197 TTC 0 0 0 0 0 0 0 0 0 0 0 0 0 15 0 0 0 0 0 0 0 0 0 0 0 0 0 0 0 32 0 0 0 0 0 0 0 0 0 0 0 0 0 0 0 12 0 0 0 4 0 0 0 36 0 2 0 1 0 0 113 423321 3 81
198 TTA 0 0 0 0 0 0 0 0 0 0 0 0 4 0 0 0 0 0 0 0 0 0 0 0 0 0 0 0 184 0 58 0 0 0 0 0 0 0 0 0 0 0 0 0 5 0 0 0 0 0 0 0 36 0 0 9 5 0 0 0 421591 5 45 2
199 TCC 0 0 0 0 0 2 0 0 0 0 0 0 0 0 0 0 0 0 0 0 0 48 0 0 0 0 0 0 0 0 0 0 0 0 0 0 0 1 0 0 0 0 0 0 0 0 0 0 0 89 0 0 76 422356 0 86 0 5 0 0 0 61 0 0
200 ACA 40 0 0 0 423813 3 34 9 2 0 57 0 67 0 0 0 0 0 0 0 7 0 0 0 0 0 0 0 0 0 0 0 0 0 0 0 16 0 0 0 0 0 0 0 0 0 0 0 0 0 0 0 4 0 0 0 0 0 0 0 0 0 0 0
201 GCC 0 0 0 0 0 77 0 0 0 0 0 0 0 0 0 0 0 0 0 0 0 43 0 0 0 0 0 0 0 0 0 0 0 29 0 0 53 422723 3 71 0 4 1 0 0 79 0 0 0 0 0 0 0 44 0 0 0 0 0 0 0 0 0 0
202 GTC 0 0 0 0 0 0 0 0 0 0 0 0 0 60 0 0 0 0 0 0 0 0 0 0 0 0 0 0 0 47 0 0 0 2 0 0 0 69 0 0 0 3 1 0 48 422576 8 50 0 0 0 0 0 1 0 0 0 0 0 0 0 43 0 0
203 TCT 0 0 0 0 0 0 0 6 0 0 0 0 0 0 0 0 0 0 0 0 0 0 0 40 0 0 0 0 0 0 1 0 0 0 0 0 0 0 0 2 0 0 0 0 0 0 0 0 0 0 0 64 3 51 4 423371 0 0 0 0 0 0 0 37
204 GCT 0 0 0 0 0 0 0 40 0 0 0 0 0 0 0 0 0 0 0 0 0 0 0 10 0 0 0 0 0 0 1 6 0 0 0 67 4 123 6 423859 0 0 0 1 0 0 0 74 0 0 0 0 0 7 0 31 0 0 0 0 0 0 0 0
