site,abs_diffsel,positive_diffsel,negative_diffsel
50,176.182906317,0.0,-176.182906317
97,116.407343552,0.0,-116.407343552
161,60.8151102802,60.7432401585,-0.071870121728
16,51.405408725,51.405408725,0.0
195,17.909806323,17.0493257723,-0.860480550668
35,17.6605705162,16.1542385645,-1.50633195167
139,17.4400049309,17.1598449233,-0.280160007594
98,16.9074528174,16.3680245654,-0.539428251976
103,16.6433369725,14.252743847,-2.39059312555
141,14.7773818529,8.71072232567,-6.06665952727
135,14.3327398204,5.7326298276,-8.60010999277
58,13.402753106,9.91010207206,-3.49265103397
126,12.3972051261,6.83457006633,-5.56263505974
187,12.3260881721,1.61946123071,-10.7066269414
191,12.187742049,11.1504114094,-1.03733063961
116,11.8075803545,3.34820833937,-8.45937201518
163,11.3954251985,9.74194143665,-1.65348376186
112,10.5760186166,9.83543844991,-0.740580166707
175,10.5633498729,7.23733155046,-3.32601832242
200,10.1957279567,7.31066543919,-2.88506251749
166,9.44049934042,8.39899735286,-1.04150198756
177,9.21458948051,8.6665200798,-0.548069400709
66,8.44638429117,7.37282869386,-1.07355559731
123,8.28989971861,6.08381136548,-2.20608835313
128,8.10271504228,7.64304067001,-0.459674372269
19,8.01137845087,7.86248010013,-0.14889835074
201,7.26152315699,5.58978693565,-1.67173622135
93,7.24762327305,6.86680885132,-0.380814421735
156,7.14286581686,0.361290717275,-6.78157509958
204,6.9633429734,6.20340261792,-0.759940355476
179,6.74431125432,3.70468883025,-3.03962242408
46,6.73063114398,0.932140172163,-5.79849097182
45,6.63955074182,0.0588036521685,-6.58074708965
30,6.53040178468,5.87822912618,-0.652172658498
96,6.02846073007,4.67836632228,-1.35009440779
57,5.79315395999,0.0,-5.79315395999
47,5.60766681284,0.607518359592,-5.00014845325
157,5.46112473356,0.0,-5.46112473356
15,5.41768754671,3.4315131656,-1.98617438112
173,5.34924772586,0.97011066909,-4.37913705677
174,5.32790401855,4.16665388649,-1.16125013206
158,5.29906838144,1.20761004174,-4.0914583397
118,5.10741684982,2.74778798719,-2.35962886263
117,5.10602782065,2.10342661144,-3.00260120921
138,5.10286750243,3.64122616724,-1.46164133519
152,5.01257709094,1.56164969329,-3.45092739765
190,4.96932379581,2.79785467588,-2.17146911994
56,4.86316481675,0.230868673694,-4.63229614305
54,4.70331220069,3.28240321179,-1.4209089889
192,4.61938727072,3.46927241049,-1.15011486023
42,4.56555292686,3.27656747491,-1.28898545195
142,4.52353663859,1.219447459,-3.30408917959
120,4.49396338465,1.72117337358,-2.77279001108
99,4.4327626298,4.20754083499,-0.225221794808
151,4.36479046066,2.41078839777,-1.95400206289
119,4.25186703662,0.0,-4.25186703662
148,4.22557422428,0.424563302658,-3.80101092162
33,4.2148826249,3.78398138177,-0.43090124313
94,4.19794247793,2.71217150745,-1.48577097048
87,4.02896893663,0.0251881690148,-4.00378076761
143,3.92414138403,1.47447075719,-2.44967062684
52,3.91799065106,3.55060526258,-0.367385388474
51,3.81784598605,1.53589790655,-2.2819480795
176,3.81780111268,1.29780698866,-2.51999412402
202,3.81099983164,0.940495530235,-2.87050430141
171,3.80099289628,1.38575553495,-2.41523736133
168,3.73741034572,0.830353128164,-2.90705721756
84,3.69386405783,1.18618845864,-2.50767559919
113,3.68537078705,2.94796943425,-0.737401352799
1,3.59756933682,2.89823794724,-0.699331389574
59,3.55374608232,1.12079601816,-2.43295006417
17,3.44290970383,1.91181322992,-1.53109647391
105,3.35866690333,2.05411523611,-1.30455166722
101,3.35801067567,2.54191614282,-0.816094532851
91,3.3399118069,1.39595907572,-1.94395273118
122,3.33497858809,1.3388951545,-1.99608343359
23,3.32957361559,2.49641494908,-0.833158666504
181,3.32411447548,0.0422117604161,-3.28190271507
131,3.31521413179,1.8941517708,-1.42106236099
194,3.29370412736,1.18368885231,-2.11001527504
130,3.28904877147,1.79288469808,-1.49616407339
95,3.28669402193,0.583260359227,-2.70343366271
61,3.21410343011,2.17276613277,-1.04133729735
154,3.20414829063,1.76048057045,-1.44366772018
74,3.19809422967,0.0,-3.19809422967
203,3.1820802185,1.14509878567,-2.03698143283
65,3.17573207117,0.373412114308,-2.80231995687
108,3.12866706014,0.0772449978599,-3.05142206229
178,3.12396212147,0.305456864234,-2.81850525724
85,3.08603991992,1.49284643075,-1.59319348916
53,3.0172369935,1.54119859139,-1.47603840211
62,2.99686472991,0.677610106329,-2.31925462358
121,2.97883911894,0.260531356762,-2.71830776218
107,2.9601725072,0.0523162148475,-2.90785629235
71,2.92433964376,0.913904844753,-2.01043479901
162,2.90910468011,0.55327690801,-2.3558277721
147,2.89269462895,2.4994021963,-0.393292432651
145,2.88225515972,1.39135457442,-1.4909005853
69,2.83854401757,0.0132538827758,-2.82529013479
185,2.83276759856,0.341714265555,-2.491053333
25,2.78572224057,1.64888737106,-1.13683486951
137,2.78380443863,2.16276222952,-0.621042209104
104,2.77673091134,1.95666907264,-0.820061838703
127,2.76390856977,0.922545753617,-1.84136281615
36,2.7456181825,0.0,-2.7456181825
8,2.73007792996,1.10869409117,-1.6213838388
146,2.69739322798,1.20118054425,-1.49621268372
49,2.69523819121,1.33385249631,-1.3613856949
21,2.67803461492,0.358593874753,-2.31944074017
184,2.6735455187,0.0,-2.6735455187
160,2.65098930116,1.4053064516,-1.24568284956
197,2.64991420186,0.0,-2.64991420186
153,2.61934119388,0.0,-2.61934119388
48,2.60302164067,2.24249146728,-0.360530173387
70,2.59298243852,0.391392587601,-2.20158985092
68,2.57029479536,0.548340789186,-2.02195400617
67,2.56388119734,0.0,-2.56388119734
169,2.5608435447,0.300720579465,-2.26012296523
86,2.53652478599,0.16597318553,-2.37055160046
155,2.51969105065,0.11558941206,-2.40410163859
199,2.51344231332,0.841722848713,-1.6717194646
80,2.51330657573,0.366656261832,-2.14665031389
167,2.48564569555,0.19769204945,-2.2879536461
196,2.48158146462,0.43305840025,-2.04852306437
110,2.44264492133,1.87005319286,-0.572591728464
170,2.44136988839,1.72760853064,-0.71376135775
144,2.43737242358,1.2979064037,-1.13946601988
100,2.37600533502,1.53819255865,-0.83781277637
9,2.36851418736,1.39516690811,-0.973347279253
106,2.35580706532,0.956104936308,-1.39970212902
111,2.34708596127,0.262848483541,-2.08423747773
41,2.34318995765,0.250818466374,-2.09237149127
4,2.33216793434,0.782425884966,-1.54974204938
188,2.24048591545,1.45791042773,-0.782575487725
10,2.23566429517,0.432300621905,-1.80336367326
114,2.21824209709,0.825968241277,-1.39227385581
134,2.18985401185,1.47873611813,-0.711117893717
132,2.13149722968,0.492838538113,-1.63865869156
136,2.09684164774,0.760158159806,-1.33668348794
77,2.08589174354,0.137345778382,-1.94854596516
115,2.08064727058,0.418047361451,-1.66259990913
186,2.04238352394,0.235994954287,-1.80638856965
189,2.0078295283,1.53400694366,-0.473822584644
183,2.00719715611,0.137188632362,-1.87000852375
79,2.00597287519,0.279914880132,-1.72605799506
81,2.00240056981,0.178881203644,-1.82351936617
109,2.00165620334,0.0417530440114,-1.95990315933
159,1.99346550567,0.0807890675545,-1.91267643811
64,1.99045310001,0.137297180755,-1.85315591925
88,1.97904808534,0.288026343911,-1.69102174143
63,1.93149796489,0.403430063988,-1.52806790091
32,1.93128592604,0.221146941855,-1.71013898418
7,1.92627493445,0.393169457308,-1.53310547714
165,1.87305538929,0.890437971246,-0.982617418044
150,1.87231816369,0.521968064039,-1.35035009965
75,1.86630142488,0.268736773551,-1.59756465133
73,1.85026751807,0.0,-1.85026751807
22,1.83004629598,1.05501666291,-0.775029633066
27,1.82756678282,0.633563924457,-1.19400285836
26,1.82562764521,0.879621271946,-0.946006373265
55,1.75646078183,0.0,-1.75646078183
82,1.73786221248,0.18702732614,-1.55083488634
28,1.71012456911,0.804744368328,-0.905380200778
89,1.67420034054,0.0,-1.67420034054
102,1.66617379083,0.535061357435,-1.1311124334
180,1.66229268775,0.0,-1.66229268775
31,1.66006863796,1.30498994744,-0.355078690524
11,1.64464043639,0.0382627577368,-1.60637767865
76,1.63954393573,0.624261232283,-1.01528270345
38,1.62916523165,1.18949982778,-0.439665403872
12,1.61150836838,0.372402695895,-1.23910567248
72,1.60918421798,0.402190591247,-1.20699362674
13,1.58936232127,0.138057451178,-1.45130487009
20,1.58660205254,0.150093279948,-1.43650877259
39,1.55342537797,0.0,-1.55342537797
60,1.54664566977,0.374611458918,-1.17203421086
83,1.49133423825,0.245625424286,-1.24570881396
14,1.48557626203,0.236636472011,-1.24893979001
5,1.47898226598,0.137394035448,-1.34158823054
18,1.47072935423,0.404901369123,-1.06582798511
40,1.43495887622,0.697664702524,-0.737294173691
164,1.30337993113,0.217649845425,-1.08573008571
44,1.29841237123,0.486571083087,-0.811841288145
149,1.24821483772,0.229130026816,-1.0190848109
34,1.24695971319,0.0563660617817,-1.19059365141
124,1.24267220345,0.136545160849,-1.1061270426
92,1.19145573445,0.00987062216867,-1.18158511228
3,1.1747187135,0.963085716123,-0.211632997376
133,1.14176908544,0.0,-1.14176908544
182,1.12125571919,0.0,-1.12125571919
140,1.1145948179,0.427558639137,-0.687036178765
193,1.10756623612,0.0424738375307,-1.06509239859
172,1.0800224133,0.0,-1.0800224133
125,1.05974778834,0.51183272132,-0.547915067023
29,1.01528319217,0.398841465916,-0.616441726257
43,0.99437966361,0.349904663301,-0.644475000309
37,0.965038571586,0.461203238244,-0.503835333342
90,0.962223132232,0.427949548619,-0.534273583613
198,0.957833163854,0.137450021121,-0.820383142733
129,0.955780010712,0.551771770121,-0.404008240591
78,0.906456719778,0.0287976019446,-0.877659117834
24,0.830372008522,0.417727548898,-0.412644459624
6,0.787386172124,0.203829664695,-0.583556507429
2,0.560268746246,0.55705106406,-0.00321768218592
